1 168760 120043008 711.3238 168760 120043008 711.3238 144 22.5012% 22.5012% 0 178521 1145 0.8192 0.8192 4.2122 4.2122 44.6929 
2 30067 120043008 3992.5171 198827 240086016 1207.5121 288 21.9275% 22.4221% 0 178521 1145 3.9464 1.2921 13.7238 6.1953 151.5412 
3 12974 5425664 418.1952 211801 245511680 1159.1620 307 24.0892% 22.4468% 0 178521 1145 2.3703 1.3582 6.1040 6.1854 92.3329 
4 75176 21111552 280.8283 286977 266623232 929.0753 595 11.2397% 19.3750% 0 237831 1145 1.7013 1.4481 8.2126 6.6939 84.7828 
5 4315 21500 4.9826 291292 266644732 915.3864 615 1.5625% 19.3056% 0 240896 1145 0.0556 1.4274 1.1940 6.6762 4.2716 
6 62486 559580 8.9553 353778 267204312 755.2881 617 16.1995% 19.2882% 0 240896 1145 0.0464 1.1835 1.2104 6.4738 1.9954 
7 102406 638720 6.2371 456184 267843032 587.1382 618 24.9854% 19.3145% 0 240896 1145 0.0374 0.9262 1.0000 6.1675 1.5374 
8 3780 17408 4.6053 459964 267860440 582.3509 1162 10.5834% 19.2037% 0 243798 1145 0.4952 0.9227 2.1057 6.1155 26.3314 
9 60326 38802432 643.2124 520290 306662872 589.4076 2250 42.2430% 23.2140% 0 293577 1145 1.6685 1.0092 8.6200 6.4762 70.3353 
10 102960 11896320 115.5431 623250 318559192 511.1259 2270 24.9989% 23.3395% 0 409316 1145 0.7382 0.9644 8.0127 6.6371 30.3142 
11 61902 562628 9.0890 685152 319121820 465.7679 2272 16.2101% 23.3098% 0 409316 1145 0.0469 0.8815 1.2318 6.5001 2.0192 
12 27862 639744 22.9612 713014 319761564 448.4646 2273 24.9462% 23.3113% 0 409316 1145 0.1376 0.8524 1.0000 6.2822 5.6507 
13 82218 50733568 617.0616 795232 370495132 465.8957 3381 40.5878% 25.6679% 0 573793 1145 2.0991 0.9813 7.4470 6.5073 86.5352 
15 56838 1569216 27.6086 852070 372064348 436.6594 3383 46.8309% 25.7383% 0 573793 1145 0.0826 0.9214 1.8874 6.4135 3.3415 
16 19616 258060 13.1556 871686 372322408 427.1290 3403 22.5970% 25.7038% 0 586359 1145 0.3252 0.9080 3.4320 6.3689 14.3687 
17 44652 53088984 1188.9497 916338 425411392 464.2516 6445 55.5466% 28.4593% 0 651711 1145 4.3737 1.0768 11.9403 7.0169 172.6977 
18 42963 21242880 494.4459 959301 446654272 465.6039 6485 46.5875% 29.2408% 0 869239 1145 2.2838 1.1309 11.6477 7.2786 90.8093 
19 32627 562628 17.2442 991928 447216900 450.8562 6487 16.3760% 29.2204% 0 869239 1145 0.0889 1.0966 1.2037 7.1819 3.8309 
20 99236 639744 6.4467 1091164 447856644 410.4394 6488 24.9854% 29.2098% 0 869239 1145 0.0386 1.0004 1.0000 7.0293 1.5865 
21 82709 50733568 613.3984 1173873 498590212 424.7395 7596 31.4993% 29.3286% 0 892522 1145 1.9618 1.0681 9.0027 7.2345 77.5382 
23 11394 4136960 363.0823 1185267 502727172 424.1468 7916 24.9658% 29.2375% 0 902291 1145 4.1215 1.0975 11.3981 7.3312 165.5440 
24 28571 7672320 268.5352 1213838 510399492 420.4840 8076 15.6182% 28.5558% 0 926113 1145 1.0780 1.0970 6.7916 7.3178 49.0299 
25 23380 27557960 1178.6980 1237218 537957452 434.8122 8139 24.7525% 28.4456% 0 926113 1145 6.1368 1.1923 10.4288 7.5365 252.7962 
26 114481 11905280 103.9935 1351699 549862732 406.7938 8159 24.9834% 28.2838% 0 1003834 1145 0.4479 1.1292 8.1708 7.5562 19.2132 
27 192418 160737344 835.3550 1544117 710600076 460.1983 10385 39.2979% 30.3906% 0 2372915 1145 3.6528 1.4437 10.4064 8.2704 143.9917 
29 10096 2074400 205.4675 1554213 712674476 458.5436 10585 15.4865% 30.1989% 0 2383344 1145 1.6680 1.4452 6.5449 8.2540 71.3534 
30 2310 2234880 967.4805 1556523 714909356 459.2990 10617 10.6147% 30.1756% 0 2383344 1145 3.4632 1.4482 12.9241 8.2646 132.9870 
31 66341 5907568 89.0485 1622864 720816924 444.1635 10680 6.2497% 28.6536% 0 2392690 1145 0.8657 1.4243 1.8768 7.6202 34.6654 
32 14685 5907568 402.2859 1637549 726724492 443.7879 10743 6.2210% 28.3651% 0 2392690 1145 3.8744 1.4463 4.5645 7.4996 150.5118 
34 13722 5907568 430.5180 1651271 738539628 443.5663 10869 6.2281% 27.8166% 0 2392690 1145 4.1302 1.4905 4.6924 7.2991 158.6008 
40 13704 5907568 431.0835 1664975 773985036 443.0526 11247 6.2271% 26.3304% 0 2392690 1145 4.1357 1.6151 4.6819 6.8441 158.8091 
46 13519 5907568 436.9826 1678494 809430444 442.5640 11625 6.2163% 25.0353% 0 2392690 1145 4.1922 1.7285 4.7166 6.5303 160.9823 
47 8068 188160 23.3218 1686562 809618604 440.7227 11641 6.2488% 25.0045% 0 2392690 1145 0.2786 1.7222 4.4515 6.5281 12.2987 
48 182599 347584 1.9035 1869161 809966188 401.0480 11657 1.8220% 24.1989% 0 2392690 1145 0.0502 1.5710 1.0119 6.4269 2.0289 
50 8652 84536 9.7707 1877813 810135260 391.6181 11661 5.6948% 24.1771% 0 2392690 1145 0.0877 1.5345 1.1145 6.4115 3.3687 
56 8672 84536 9.7482 1886485 810642476 382.2464 11673 5.8344% 24.1536% 0 2392690 1145 0.0875 1.4990 1.0705 6.3669 3.3609 
58 8662 84536 9.7594 1895147 810811548 379.2190 11677 5.6924% 24.1458% 0 2392690 1145 0.0876 1.4875 1.1162 6.3522 3.3648 
61 8708 84536 9.7079 1903855 811065156 374.7741 11683 5.9062% 24.1341% 0 2392690 1145 0.0870 1.4707 1.0706 6.3303 3.3426 
65 18235 536624 29.4282 1922090 811855388 367.6255 11705 12.4340% 24.0807% 0 2392690 1145 0.0237 1.4424 1.0410 6.3047 2.8302 
66 11543 562628 48.7419 1933633 812418016 365.9674 11707 18.7097% 24.0796% 0 2392690 1145 0.2411 1.4362 1.0000 6.2757 9.2582 
67 103424 639744 6.1856 2037057 813057760 349.9517 11708 24.9861% 24.0807% 0 2392690 1145 0.0371 1.3739 1.0000 6.2362 1.5223 
68 116113 50733568 436.9327 2153170 863791328 354.0918 12816 32.6746% 24.2694% 0 2425420 1145 1.3891 1.3746 9.0428 6.3307 53.9511 
70 4556 4136960 908.0246 2157726 867928288 355.1244 13136 20.7201% 24.2555% 0 2427929 1145 10.1493 1.3910 14.8873 6.3806 389.7313 
71 3215 7672320 2386.4136 2160941 875600608 357.7930 13296 15.4719% 24.2295% 0 2427929 1145 8.9580 1.4009 16.0625 6.4130 343.9876 
72 71233 27557960 386.8707 2232174 903158568 358.6154 13359 24.2580% 24.2300% 0 2431598 1145 1.9737 1.4171 12.6475 6.5400 76.7429 
73 114623 11905280 103.8647 2346797 915063848 347.5256 13379 24.9111% 24.2410% 0 2432946 1145 0.4395 1.3746 6.1808 6.5347 17.9834 
74 156516 160737408 1026.9711 2503313 1075801256 385.6472 15605 40.6272% 25.2812% 0 3357276 1145 4.4530 1.5473 11.0261 6.9948 171.8824 
76 5538 2074400 374.5757 2508851 1077875656 385.6254 15805 13.5004% 25.2377% 0 3360462 1145 2.9252 1.5500 7.2289 6.9957 112.3294 
77 2313 2234880 966.2257 2511164 1080110536 386.1054 15837 10.6093% 25.2263% 0 3360462 1145 3.4587 1.5516 12.7796 7.0015 132.8145 
78 56763 5907568 104.0743 2567927 1086018104 380.4965 15900 6.2486% 24.5350% 0 3360462 1145 0.9974 1.5406 1.7305 6.7373 38.2985 
80 13793 5907568 428.3019 2581720 1097833240 380.9894 16026 6.2441% 24.2231% 0 3360462 1145 4.1045 1.5653 4.6423 6.6633 157.6118 
82 13723 5907568 430.4866 2595443 1109648376 381.4773 16152 6.2440% 23.9230% 0 3360462 1145 4.1254 1.5895 4.6668 6.5959 158.4157 
86 13692 5907568 431.4613 2609135 1133278648 382.4190 16404 6.2442% 23.3510% 0 3360462 1145 4.1348 1.6367 4.6954 6.4727 158.7744 
87 13629 5907568 433.4557 2622764 1139186216 382.6527 16467 6.2164% 23.2144% 0 3360462 1145 4.1584 1.6482 4.7186 6.4450 159.6830 
89 13700 5907568 431.2094 2636464 1151001352 383.0929 16593 6.2183% 22.9460% 0 3360462 1145 4.1369 1.6709 4.7316 6.3915 158.8555 
91 13599 5907568 434.4120 2650063 1162816488 383.5358 16719 6.2222% 22.6858% 0 3360462 1145 4.1676 1.6932 4.7257 6.3410 160.0353 
94 8089 188160 23.2612 2658152 1174819784 383.0366 16861 6.1273% 22.4257% 0 3360462 1145 0.2693 1.7114 3.5300 6.2923 10.9375 
95 182576 347584 1.9038 2840728 1175167368 361.6236 16877 1.7163% 21.9172% 0 3360462 1145 0.0498 1.6180 1.1741 6.2452 1.9703 
97 8670 84536 9.7504 2849398 1175336440 356.2747 16881 5.6938% 21.9034% 0 3360462 1145 0.0875 1.5943 1.0705 6.2364 3.3617 
98 8654 84536 9.7684 2858052 1175420976 355.3681 16883 5.7626% 21.9009% 0 3360462 1145 0.0877 1.5904 1.1379 6.2323 3.3679 
99 8655 84536 9.7673 2866707 1175505512 354.4662 16885 5.8341% 21.8985% 0 3360462 1145 0.0877 1.5865 1.0937 6.2281 3.3675 
104 8690 84536 9.7280 2875397 1175928192 350.0083 16895 5.9055% 21.8861% 0 3360462 1145 0.0872 1.5671 1.0970 6.2070 3.3495 
112 18478 536624 29.0412 2893875 1177056568 342.2775 16925 12.1143% 21.8515% 0 3360462 1145 0.0172 1.5326 1.0780 6.1759 1.8454 
113 5200 21500 4.1346 2899075 1177078068 341.7670 16945 1.5625% 21.8391% 0 3360462 1145 0.0392 1.5304 1.4676 6.1751 2.4812 
114 63369 559580 8.8305 2962444 1177637648 335.7519 16947 16.0206% 21.8327% 0 3360462 1145 0.0457 1.5035 1.2126 6.1613 1.9628 
115 104125 638720 6.1342 3066569 1178276368 326.2487 16948 24.9860% 21.8356% 0 3360462 1145 0.0368 1.4613 1.0000 6.1382 1.5120 
116 386 17408 45.0984 3066955 1178293776 326.2187 17492 10.2009% 21.8326% 0 3360462 1145 4.2280 1.4616 10.4615 6.1390 162.3544 
117 19225 38802432 2018.3319 3086180 1217096208 335.1774 18580 38.7839% 22.0330% 0 3372729 1145 5.0651 1.4806 7.7572 6.1623 194.4987 
118 103406 11896320 115.0448 3189586 1228992528 329.0822 18600 24.8708% 22.0477% 0 3480212 1145 0.6462 1.4575 5.8638 6.1585 25.1093 
119 4461 4136960 927.3616 3194047 1233129488 329.7960 18920 20.0881% 22.0422% 0 3482714 1145 10.3654 1.4682 15.0570 6.1893 398.0309 
120 3220 7672320 2382.7080 3197267 1240801808 331.5624 19080 15.4723% 22.0280% 0 3482714 1145 8.9441 1.4746 15.8155 6.2090 343.4534 
121 2210 1075000 486.4254 3199477 1241876808 331.6539 20080 18.4225% 22.0232% 0 3482714 1145 3.7086 1.4759 6.5359 6.2095 152.6270 
122 60373 8977800 148.7056 3259850 1250854608 328.7509 20180 10.1499% 21.5583% 0 3531723 1145 0.7178 1.4639 6.1078 6.2086 35.5009 
123 4641 3291136 709.1437 3264491 1254145744 329.2144 20212 8.7069% 21.5451% 0 3531723 1145 3.7233 1.4666 12.0755 6.2180 142.9761 
124 331 4608 13.9215 3264822 1254150352 329.1870 20356 2.7863% 21.5412% 0 3531723 1145 1.3051 1.4666 3.5410 6.2176 50.1172 
125 48966 37269504 761.1302 3313788 1291419856 334.6681 20932 22.3711% 21.5666% 0 3558813 1145 3.1218 1.4876 10.6097 6.2869 125.1486 
126 49178 8384000 170.4827 3362966 1299803856 332.6020 20982 12.4968% 21.3918% 0 3664012 1145 0.7585 1.4784 7.1855 6.2920 34.0445 
127 5497 2074400 377.3695 3368463 1301878256 332.6649 21182 13.6034% 21.3716% 0 3666561 1145 2.9471 1.4805 6.8297 6.2934 113.1672 
128 2330 2234880 959.1760 3370793 1304113136 333.0377 21214 10.6174% 21.3654% 0 3666561 1145 3.4335 1.4817 12.0301 6.2975 131.8455 
130 13658 5907568 432.5354 3384451 1315928272 330.0555 21340 6.2238% 20.8580% 0 3666561 1145 4.1496 1.4836 4.6738 6.1305 159.3440 
132 13755 5907568 429.4851 3398206 1327743408 330.7296 21466 6.2236% 20.6725% 0 3666561 1145 4.1203 1.5017 4.7010 6.0942 158.2203 
134 13880 5907568 425.6173 3412086 1339558544 331.4019 21592 6.2154% 20.4919% 0 3666561 1145 4.0832 1.5195 4.6539 6.0601 156.7954 
136 13550 5907568 435.9829 3425636 1351373680 332.0832 21718 6.2221% 20.3176% 0 3666561 1145 4.1827 1.5371 4.7292 6.0287 160.6140 
137 13754 5907568 429.5164 3439390 1357281248 332.4114 21781 6.2442% 20.2313% 0 3666561 1145 4.1161 1.5458 4.6480 6.0127 158.0587 
139 13592 5907568 434.6357 3452982 1369096384 333.0789 21907 6.2441% 20.0630% 0 3666561 1145 4.1652 1.5631 4.7005 5.9834 159.9426 
142 13667 5907568 432.2505 3466649 1386819088 334.0678 22096 6.2207% 19.8183% 0 3666561 1145 4.1469 1.5886 4.7029 5.9437 159.2390 
144 13761 5907568 429.2979 3480410 1398634224 334.6984 22222 6.2234% 19.6587% 0 3666561 1145 4.1185 1.6053 4.6715 5.9168 158.1513 
145 8099 188160 23.2325 3488509 1398822384 334.0959 22238 6.2488% 19.6467% 0 3666561 1145 0.2776 1.6027 4.3482 5.9161 12.2516 
146 182349 347584 1.9061 3670858 1399169968 320.2320 22254 1.8219% 19.3043% 0 3666561 1145 0.0503 1.5379 1.0059 5.8769 2.0317 
148 8669 84536 9.7515 3679527 1399339040 316.6605 22258 5.6924% 19.2954% 0 3666561 1145 0.0876 1.5210 1.0766 5.8709 3.3620 
149 8664 84536 9.7572 3688191 1399423576 316.0599 22260 5.7660% 19.2938% 0 3666561 1145 0.0876 1.5182 1.0812 5.8680 3.3640 
150 8669 84536 9.7515 3696860 1399508112 315.4614 22262 5.8342% 19.2923% 0 3666561 1145 0.0876 1.5154 1.0812 5.8650 3.3620 
152 8666 84536 9.7549 3705526 1399677184 314.2690 22266 5.6930% 19.2891% 0 3666561 1145 0.0876 1.5098 1.0736 5.8591 3.3632 
155 8711 84536 9.7045 3714237 1399930792 312.4971 22272 5.9066% 19.2843% 0 3666561 1145 0.0870 1.5015 1.0706 5.8503 3.3414 
156 8655 84536 9.7673 3722892 1400015328 311.9134 22274 5.6912% 19.2827% 0 3666561 1145 0.0877 1.4988 1.1379 5.8476 3.3675 
158 8656 84536 9.7662 3731548 1400184400 310.7511 22278 5.8340% 19.2795% 0 3666561 1145 0.0877 1.4934 1.1345 5.8419 3.3671 
159 8714 84536 9.7012 3740262 1400268936 310.1700 22280 5.8983% 19.2779% 0 3666561 1145 0.0870 1.4906 1.0813 5.8390 3.3403 
161 8671 84536 9.7493 3748933 1400438008 309.0210 22284 5.7641% 19.2747% 0 3666561 1145 0.0875 1.4853 1.0705 5.8333 3.3613 
163 18252 536624 29.4008 3767185 1401059168 307.3324 22302 12.4246% 19.2596% 0 3666561 1145 0.0237 1.4768 1.0511 5.8287 2.8276 
164 106422 27839232 261.5928 3873607 1428898400 306.2890 22590 11.2501% 18.8231% 0 3762397 1145 0.7547 1.4603 4.9891 5.8171 37.9879 
165 9856 27839232 2824.5974 3883463 1456737632 311.5981 22878 11.1862% 18.7881% 0 3762397 1145 7.3052 1.4726 14.6163 5.8540 280.5195 
166 13466 6024704 447.4012 3896929 1462762336 311.9882 22897 24.3632% 18.7969% 0 3762397 1145 1.1478 1.4717 3.8116 5.8470 45.3409 
167 92084 21664512 235.2690 3989013 1484426848 310.5104 23185 11.2505% 18.4591% 0 3837703 1145 0.8974 1.4606 5.5845 5.8437 51.3757 
168 3386 21500 6.3497 3992399 1484448348 310.2951 23205 1.5625% 18.4522% 0 3840039 1145 0.0473 1.4596 1.1034 5.8432 3.8559 
169 63855 560080 8.7711 4056254 1485008428 306.3235 23207 16.2077% 18.4505% 0 3840039 1145 0.0449 1.4410 1.2101 5.8340 1.9340 
170 104564 651264 6.2284 4160818 1485659692 299.9873 23208 24.9851% 18.4546% 0 3840039 1145 0.0292 1.4112 1.0000 5.8217 1.2178 
171 387 17408 44.9819 4161205 1485677100 299.9674 23752 10.2287% 18.4532% 0 3840039 1145 4.2171 1.4114 10.2000 5.8223 161.9349 
172 19385 38802432 2001.6731 4180590 1524479532 306.6018 24840 39.3458% 18.6236% 0 3852124 1145 5.0233 1.4255 8.0290 5.8444 192.8934 
173 108139 12264960 113.4185 4288729 1536744492 302.4897 24860 24.9989% 18.7056% 0 3975488 1145 0.5972 1.4078 8.1120 5.8592 24.9137 
174 62035 563128 9.0776 4350764 1537307620 298.9502 24862 16.0402% 18.7036% 0 3975488 1145 0.0462 1.3914 1.2199 5.8502 1.9907 
175 28914 652288 22.5596 4379678 1537959908 297.4048 24863 24.9434% 18.7047% 0 3975488 1145 0.1055 1.3842 1.0000 5.8382 4.4039 
176 43280 51102208 1180.7350 4422958 1589062116 304.7363 25971 35.2579% 18.8373% 0 4108104 1145 3.6430 1.4030 8.0976 5.8735 142.1190 
178 56729 1581760 27.8827 4479687 1590643876 301.7568 25973 46.8263% 18.8560% 0 4108104 1145 0.0689 1.3886 1.7409 5.8661 2.8173 
179 19420 258560 13.3141 4499107 1590902436 300.6981 25993 23.6321% 18.8669% 0 4121109 1145 0.3280 1.3847 3.3829 5.8623 14.6126 
180 18491 53088984 2871.0715 4517598 1643991420 309.6503 29035 46.7665% 19.0956% 0 4208308 1145 10.4689 1.4164 12.2830 5.9423 402.3787 
181 42702 23158080 542.3184 4560300 1667149500 311.5067 29075 46.4971% 19.3654% 0 4454132 1145 2.0355 1.4213 9.6321 5.9684 81.2927 
182 19006 563128 29.6290 4579306 1667712628 310.5092 29077 16.1539% 19.3647% 0 4454132 1145 0.1509 1.4168 1.1876 5.9594 6.4977 
183 68890 652288 9.4685 4648196 1668364916 306.6968 29078 24.9787% 19.3669% 0 4454132 1145 0.0443 1.3994 1.0000 5.9475 1.8484 
184 62194 51102208 821.6581 4710390 1719467124 312.5179 30186 33.4181% 19.5027% 0 4457684 1145 2.4809 1.4117 8.5543 5.9838 97.6763 
186 16155 4567040 282.7013 4726545 1724034164 312.4306 30506 24.7165% 19.5387% 0 4468804 1145 1.4826 1.4119 6.1510 5.9843 62.6380 
187 31696 7983360 251.8728 4758241 1732017524 312.0847 30666 15.6191% 19.4834% 0 4493675 1145 0.5704 1.4071 3.5032 5.9745 29.4639 
188 24522 27582960 1124.8251 4782763 1759600484 315.6600 30729 23.9230% 19.5187% 0 4496748 1145 5.7882 1.4263 9.9978 6.0177 238.4239 
189 117226 11951360 101.9514 4899989 1771551844 311.2584 30749 24.9772% 19.5888% 0 4574658 1145 0.4129 1.4055 8.4882 6.0283 17.8199 
190 158422 160839712 1015.2612 5058411 1932391556 330.3233 32975 35.4028% 20.3316% 0 5730428 1145 4.3908 1.4863 10.6247 6.2444 171.7885 
192 12329 2251200 182.5939 5070740 1934642756 330.0126 33175 15.5719% 20.3076% 0 5739971 1145 0.8533 1.4850 4.0966 6.2405 39.4932 
193 2952 2321152 786.2981 5073692 1936963908 330.2422 33207 10.6594% 20.3029% 0 5739971 1145 1.3550 1.4849 6.7114 6.2407 52.0325 
194 65075 5535968 85.0706 5138767 1942499876 327.5519 33270 6.2479% 20.0105% 0 5749601 1145 0.4509 1.4736 1.5510 6.1780 18.8775 
195 15129 5535968 365.9176 5153896 1948035844 327.6496 33333 6.2292% 19.9495% 0 5749601 1145 1.8991 1.4746 2.6842 6.1517 74.7390 
196 13994 5535968 395.5958 5167890 1953571812 327.8091 33396 6.2428% 19.8902% 0 5749601 1145 2.0339 1.4760 2.9286 6.1299 78.1034 
199 14037 5535968 394.3840 5181927 1970179716 328.2798 33585 6.2298% 19.7149% 0 5749601 1145 2.0299 1.4799 2.8583 6.0604 77.9490 
201 14035 5535968 394.4402 5195962 1981251652 328.5913 33711 6.2314% 19.6005% 0 5749601 1145 2.0302 1.4824 3.0407 6.0188 77.9601 
202 13986 5535968 395.8221 5209948 1986787620 328.7469 33774 6.2432% 19.5442% 0 5749601 1145 2.0351 1.4837 2.9986 5.9996 78.1481 
204 13994 5535968 395.5958 5223942 1997859556 329.0556 33900 6.2435% 19.4327% 0 5749601 1145 2.0339 1.4862 2.9702 5.9580 78.1034 
206 13922 5535968 397.6417 5237864 2008931492 329.3636 34026 6.2435% 19.3231% 0 5749601 1145 2.0445 1.4888 2.8777 5.9194 78.5073 
208 13991 5535968 395.6807 5251855 2020003428 329.6670 34152 6.2437% 19.2154% 0 5749601 1145 2.0344 1.4913 2.8943 5.8792 78.1202 
210 8193 224064 27.3482 5260048 2025763460 329.4149 34231 6.2470% 19.1541% 0 5749601 1145 0.1606 1.4907 2.6267 5.8579 7.7428 
211 305826 406624 1.3296 5565874 2026170084 313.8718 34232 1.6737% 19.1287% 0 5749601 1145 0.0278 1.4214 1.0000 5.8317 1.0718 
212 37944 80736 2.1278 5603818 2026250820 312.0502 34234 6.2201% 19.1240% 0 5749601 1145 0.0101 1.4132 1.0435 5.8305 0.3886 
214 7976 80736 10.1224 5611794 2026412292 311.2757 34238 6.1068% 19.1219% 0 5749601 1145 0.0481 1.4097 1.0579 5.8283 1.8487 
215 8696 80736 9.2843 5620490 2026493028 310.8729 34240 5.8530% 19.1208% 0 5749601 1145 0.0443 1.4079 1.0724 5.8272 1.7001 
216 8803 80736 9.1714 5629293 2026573764 310.4660 34242 5.8825% 19.1198% 0 5749601 1145 0.0436 1.4060 1.0521 5.8261 1.6751 
217 7981 80736 10.1160 5637274 2026654500 310.0992 34244 6.1073% 19.1188% 0 5749601 1145 0.0481 1.4044 1.0787 5.8251 1.8476 
218 8695 80736 9.2853 5645969 2026735236 309.6995 34246 5.7790% 19.1177% 0 5749601 1145 0.0443 1.4026 1.0724 5.8240 1.7003 
220 8689 80736 9.2917 5654658 2026896708 308.9371 34250 5.9275% 19.1156% 0 5749601 1145 0.0442 1.3991 1.0608 5.8218 1.6970 
221 8695 80736 9.2853 5663353 2026977444 308.5405 34252 5.7052% 19.1145% 0 5749601 1145 0.0443 1.3973 1.0724 5.8207 1.7003 
223 8690 80736 9.2907 5672043 2027138916 307.7841 34256 5.8535% 19.1124% 0 5749601 1145 0.0443 1.3939 1.0606 5.8185 1.7013 
224 8834 80736 9.1392 5680877 2027219652 307.3841 34258 5.8743% 19.1114% 0 5749601 1145 0.0435 1.3921 1.0726 5.8174 1.6692 
225 7979 80736 10.1186 5688856 2027300388 307.0249 34260 6.1072% 19.1104% 0 5749601 1145 0.0481 1.3905 1.0579 5.8163 1.8481 
228 19392 553648 28.5503 5708248 2028015508 305.4649 34280 11.8915% 19.0977% 0 5749601 1145 0.0215 1.3831 1.0374 5.8129 2.7248 
229 11494 563128 48.9932 5719742 2028578636 305.0216 34282 18.7106% 19.0976% 0 5749601 1145 0.2394 1.3811 1.0000 5.8045 9.1941 
230 104076 652288 6.2674 5823818 2029230924 300.4184 34283 24.9857% 19.1006% 0 5749601 1145 0.0293 1.3603 1.0000 5.7953 1.2235 
231 122628 51102208 416.7254 5946446 2080333132 302.4923 35391 30.5981% 19.2371% 0 5755037 1145 1.2582 1.3585 9.0863 5.8302 49.5391 
233 6088 4567040 750.1708 5952534 2084900172 302.8882 35711 23.4320% 19.2459% 0 5755878 1145 3.8029 1.3606 8.4993 5.8347 146.0310 
234 3879 7983360 2058.0974 5956413 2092883532 303.8768 35871 15.5053% 19.2405% 0 5755878 1145 4.1248 1.3622 11.0957 5.8394 158.3913 
235 70435 27582960 391.6087 6026848 2120466492 304.7649 35934 24.0717% 19.2815% 0 5763203 1145 1.9796 1.3684 11.7329 5.8827 77.5447 
236 116416 11951360 102.6608 6143264 2132417852 301.4390 35954 24.9584% 19.3344% 0 5766719 1145 0.4132 1.3527 6.1118 5.8838 17.5481 
237 155391 160839680 1035.0643 6298655 2293257532 317.2075 38180 39.9687% 19.8866% 0 6696615 1145 4.4599 1.4195 11.4269 6.0831 172.2920 
239 4139 2251200 543.8995 6302794 2295508732 317.3372 38380 14.1759% 19.8793% 0 6698344 1145 2.3677 1.4201 5.3611 6.0823 90.9205 
240 2946 2321152 787.8995 6305740 2297829884 317.5287 38412 10.6538% 19.8755% 0 6698344 1145 1.3578 1.4200 6.5898 6.0825 52.1385 
241 55544 5535968 99.6682 6361284 2303365852 315.8693 38475 6.2484% 19.6687% 0 6698344 1145 0.5124 1.4131 1.6832 6.0389 19.6777 
243 13988 5535968 395.7655 6375272 2314437788 316.1766 38601 6.2431% 19.5683% 0 6698344 1145 2.0348 1.4155 2.8170 6.0002 78.1369 
244 13925 5535968 397.5561 6389197 2319973756 316.3311 38664 6.2320% 19.5186% 0 6698344 1145 2.0462 1.4167 2.9494 5.9832 78.5759 
245 13903 5535968 398.1852 6403100 2325509724 316.4860 38727 6.2435% 19.4694% 0 6698344 1145 2.0473 1.4179 2.7586 5.9641 78.6146 
246 13970 5535968 396.2755 6417070 2331045692 316.6374 38790 6.2298% 19.4203% 0 6698344 1145 2.0397 1.4191 2.8704 5.9467 78.3228 
248 13965 5535968 396.4173 6431035 2342117628 316.9374 38916 6.2286% 19.3234% 0 6698344 1145 2.0404 1.4214 2.8698 5.9115 78.3508 
249 14000 5535968 395.4263 6445035 2347653596 317.0858 38979 6.2433% 19.2754% 0 6698344 1145 2.0331 1.4226 2.7243 5.8929 78.0699 
250 13923 5535968 397.6132 6458958 2353189564 317.2370 39042 6.2315% 19.2279% 0 6698344 1145 2.0465 1.4237 2.9546 5.8771 78.5872 
251 13990 5535968 395.7089 6472948 2358725532 317.3847 39105 6.2429% 19.1807% 0 6698344 1145 2.0345 1.4249 2.8855 5.8608 78.1257 
252 13953 5535968 396.7583 6486901 2364261500 317.5334 39168 6.2307% 19.1337% 0 6698344 1145 2.0421 1.4260 2.9765 5.8456 78.4182 
253 14015 5535968 395.0031 6500916 2369797468 317.6790 39231 6.2434% 19.0871% 0 6698344 1145 2.0309 1.4272 2.8048 5.8287 77.9864 
254 13969 5535968 396.3038 6514885 2375333436 317.8259 39294 6.2306% 19.0409% 0 6698344 1145 2.0398 1.4283 2.8686 5.8127 78.3284 
257 8164 224064 27.4454 6523049 2386629436 317.8021 39436 6.2449% 18.9455% 0 6698344 1145 0.1543 1.4292 3.2061 5.7798 6.7167 
258 305459 406624 1.3312 6828508 2387036060 305.4329 39437 1.6739% 18.9236% 0 6698344 1145 0.0279 1.3744 1.0000 5.7580 1.0731 
259 37810 80736 2.1353 6866318 2387116796 303.9726 39439 6.2200% 18.9196% 0 6698344 1145 0.0102 1.3679 1.0637 5.7570 0.3900 
260 8693 80736 9.2875 6875011 2387197532 303.6467 39441 5.7045% 18.9186% 0 6698344 1145 0.0443 1.3664 1.0490 5.7561 1.7007 
261 7975 80736 10.1236 6882986 2387278268 303.3493 39443 6.1071% 18.9178% 0 6698344 1145 0.0482 1.3651 1.0159 5.7552 1.8490 
262 8692 80736 9.2885 6891678 2387359004 303.0249 39445 5.8529% 18.9169% 0 6698344 1145 0.0443 1.3636 1.0577 5.7542 1.7009 
263 8800 80736 9.1745 6900478 2387439740 302.6970 39447 5.8831% 18.9160% 0 6698344 1145 0.0436 1.3621 1.0726 5.7533 1.6756 
265 8694 80736 9.2864 6909172 2387601212 302.0790 39451 5.7809% 18.9142% 0 6698344 1145 0.0443 1.3594 1.0322 5.7514 1.7005 
266 7979 80736 10.1186 6917151 2387681948 301.7846 39453 6.1072% 18.9133% 0 6698344 1145 0.0481 1.3580 1.0637 5.7505 1.8481 
267 8698 80736 9.2821 6925849 2387762684 301.4634 39455 5.9282% 18.9124% 0 6698344 1145 0.0441 1.3566 1.0463 5.7496 1.6953 
268 8694 80736 9.2864 6934543 2387843420 301.1430 39457 5.7067% 18.9114% 0 6698344 1145 0.0443 1.3552 1.0322 5.7487 1.7005 
269 7981 80736 10.1160 6942524 2387924156 300.8504 39459 6.1073% 18.9106% 0 6698344 1145 0.0481 1.3538 1.0787 5.7478 1.8476 
270 8692 80736 9.2885 6951216 2388004892 300.5315 39461 5.8534% 18.9097% 0 6698344 1145 0.0443 1.3524 1.0322 5.7468 1.7009 
271 8833 80736 9.1403 6960049 2388085628 300.2079 39463 5.8739% 18.9088% 0 6698344 1145 0.0435 1.3510 1.0492 5.7459 1.6694 
273 8695 80736 9.2853 6968744 2388247100 299.6001 39467 5.7790% 18.9070% 0 6698344 1145 0.0443 1.3482 1.0724 5.7441 1.7003 
274 7983 80736 10.1135 6976727 2388327836 299.3105 39469 6.1069% 18.9061% 0 6698344 1145 0.0481 1.3469 1.0726 5.7432 1.8471 
275 19317 553648 28.6612 6996044 2388881484 298.6569 39485 11.8129% 18.8996% 0 6698344 1145 0.0164 1.3437 1.0327 5.7425 1.9402 
276 5066 21500 4.2440 7001110 2388902984 298.4705 39505 1.5625% 18.8924% 0 6701315 1145 0.0338 1.3429 1.1793 5.7421 2.9107 
277 62986 560080 8.8921 7064096 2389463064 296.2095 39507 16.0260% 18.8909% 0 6701315 1145 0.0455 1.3328 1.2134 5.7364 1.9558 
278 104100 651264 6.2561 7168196 2390114328 292.5154 39508 24.9857% 18.8935% 0 6701315 1145 0.0293 1.3162 1.0000 5.7287 1.2232 
279 387 17408 44.9819 7168583 2390131736 292.5037 40052 10.1830% 18.8925% 0 6701315 1145 4.2171 1.3163 10.0741 5.7291 161.9349 
280 19657 38802432 1973.9752 7188240 2428934168 296.5389 41140 39.1282% 19.0084% 0 6713434 1145 4.9538 1.3250 7.8981 5.7432 190.2243 
281 108870 12264960 112.6569 7297110 2441199128 294.1269 41160 24.9342% 19.0321% 0 6732099 1145 0.5468 1.3148 5.4556 5.7416 21.6863 
282 6111 4567040 747.3474 7303221 2445766168 294.4604 41480 23.3861% 19.0401% 0 6733488 1145 3.7886 1.3166 7.8856 5.7449 145.4814 
283 3877 7983360 2059.1592 7307098 2453749528 295.2837 41640 15.5097% 19.0357% 0 6733488 1145 4.1269 1.3179 11.0497 5.7489 158.4730 
284 1946 1075000 552.4152 7309044 2454824528 295.3439 42640 18.5848% 19.0354% 0 6733488 1145 2.6403 1.3183 5.8254 5.7490 109.5564 
285 65584 9012800 137.4238 7374628 2463837328 294.1076 42740 10.1435% 18.8531% 0 6789030 1145 0.6410 1.3129 5.6665 5.7486 32.3488 
286 5835 3337216 571.9308 7380463 2467174544 294.3010 42772 8.4969% 18.8463% 0 6789030 1145 2.4679 1.3138 11.2676 5.7523 94.7661 
287 326 4608 14.1350 7380789 2467179152 294.2901 42916 2.7938% 18.8448% 0 6789030 1145 1.3252 1.3138 3.6923 5.7522 50.8859 
288 20561 37269504 1812.6309 7401350 2504448656 298.0048 43492 21.6858% 18.8619% 0 6789030 1145 7.3258 1.3285 11.9184 5.7926 281.3149 
289 49601 8486400 171.0933 7450951 2512935056 297.2602 43542 12.4950% 18.8000% 0 6889277 1145 0.6875 1.3247 7.1369 5.7960 31.2768 
290 3321 2251200 677.8681 7454272 2515186256 297.4096 43742 13.9938% 18.7957% 0 6890189 1145 2.9509 1.3253 5.8788 5.7960 113.3153 
291 2951 2321152 786.5646 7457223 2517507408 297.5802 43774 10.6522% 18.7927% 0 6890189 1145 1.3555 1.3254 6.7682 5.7963 52.0502 
292 56066 5535968 98.7402 7513289 2523043376 296.2711 43837 6.2485% 18.6230% 0 6890189 1145 0.5077 1.3200 1.3634 5.7490 19.4945 
294 13976 5535968 396.1053 7527265 2534115312 296.5973 43963 6.2429% 18.5410% 0 6890189 1145 2.0366 1.3223 2.8751 5.7206 78.2040 
295 13950 5535968 396.8436 7541215 2539651280 296.7607 44026 6.2339% 18.5002% 0 6890189 1145 2.0426 1.3235 2.8767 5.7064 78.4351 
296 14004 5535968 395.3133 7555219 2545187248 296.9218 44089 6.2427% 18.4600% 0 6890189 1145 2.0325 1.3246 2.9071 5.6927 78.0476 
297 13993 5535968 395.6241 7569212 2550723216 297.0826 44152 6.2316% 18.4200% 0 6890189 1145 2.0363 1.3258 2.7675 5.6777 78.1941 
299 13974 5535968 396.1620 7583186 2561795152 297.4017 44278 6.2309% 18.3407% 0 6890189 1145 2.0391 1.3281 2.8324 5.6493 78.3004 
300 14004 5535968 395.3133 7597190 2567331120 297.5606 44341 6.2428% 18.3014% 0 6890189 1145 2.0325 1.3292 3.0412 5.6373 78.0476 
301 13973 5535968 396.1904 7611163 2572867088 297.7201 44404 6.2319% 18.2625% 0 6890189 1145 2.0392 1.3304 2.8791 5.6240 78.3060 
305 14014 5535968 395.0312 7625177 2595010960 298.3545 44656 6.2329% 18.1091% 0 6890189 1145 2.0333 1.3350 2.8347 5.5720 78.0769 
306 13969 5535968 396.3038 7639146 2600546928 298.5115 44719 6.2429% 18.0715% 0 6890189 1145 2.0376 1.3361 2.8045 5.5586 78.2432 
307 13962 5535968 396.5025 7653108 2606082896 298.6683 44782 6.2313% 18.0339% 0 6890189 1145 2.0408 1.3372 2.7528 5.5448 78.3677 
308 8170 224064 27.4252 7661278 2606306960 298.4146 44798 6.2391% 18.0325% 0 6890189 1145 0.1491 1.3361 5.3188 5.5448 5.9222 
309 306659 406624 1.3260 7967937 2606713584 288.3372 44799 1.6734% 18.0140% 0 6890189 1145 0.0277 1.2917 1.0000 5.5265 1.0689 
311 8698 80736 9.2821 7976635 2606875056 286.8750 44803 5.7057% 18.0099% 0 6890189 1145 0.0443 1.2852 1.0462 5.5249 1.6997 
312 7976 80736 10.1224 7984611 2606955792 286.6323 44805 6.1072% 18.0092% 0 6890189 1145 0.0481 1.2841 1.0492 5.5241 1.8487 
313 8696 80736 9.2843 7993307 2607036528 286.3674 44807 5.8534% 18.0084% 0 6890189 1145 0.0443 1.2829 1.0724 5.5234 1.7001 
314 8799 80736 9.1756 8002106 2607117264 286.0997 44809 5.8823% 18.0077% 0 6890189 1145 0.0436 1.2817 1.0579 5.5226 1.6758 
315 7985 80736 10.1110 8010091 2607198000 285.8581 44811 6.1071% 18.0070% 0 6890189 1145 0.0481 1.2806 1.0463 5.5218 1.8467 
316 8696 80736 9.2843 8018787 2607278736 285.5947 44813 5.7791% 18.0062% 0 6890189 1145 0.0443 1.2794 1.0724 5.5211 1.7001 
318 8698 80736 9.2821 8027485 2607440208 285.0914 44817 5.9282% 18.0047% 0 6890189 1145 0.0441 1.2772 1.0463 5.5195 1.6953 
320 7979 80736 10.1186 8035464 2607601680 284.5903 44821 6.1072% 18.0033% 0 6890189 1145 0.0481 1.2750 1.0521 5.5180 1.8481 
321 8689 80736 9.2917 8044153 2607682416 284.3295 44823 5.8551% 18.0025% 0 6890189 1145 0.0443 1.2738 1.0322 5.5172 1.7015 
322 8797 80736 9.1777 8052950 2607763152 284.0659 44825 5.8826% 18.0017% 0 6890189 1145 0.0437 1.2726 1.0159 5.5164 1.6762 
326 19498 553648 28.3951 8072448 2608559008 282.7924 44847 9.8771% 17.9973% 0 6890189 1145 0.0070 1.2667 1.0543 5.5138 0.5042 
