1 77528 120043008 1548.3826 77528 120043008 1548.3826 144 22.5036% 22.5036% 0 45963 0 1.7843 1.7843 5.0350 5.0350 97.4443 
2 30079 120043008 3990.9241 107607 240086016 2231.1375 288 21.9281% 22.3547% 0 45963 0 3.9448 2.3882 14.1628 7.1679 151.4808 
3 8515 5425664 637.1890 116122 245511680 2114.2563 307 23.2742% 22.3713% 0 45963 0 3.6094 2.4778 6.1126 7.0381 140.3596 
4 35917 21111552 587.7872 152039 266623232 1753.6503 595 11.2269% 19.5718% 0 66147 0 3.5631 2.7342 7.2626 7.1058 177.7966 
5 1902 21500 11.3039 153941 266644732 1732.1229 615 1.5625% 19.5128% 0 66792 0 0.1262 2.7020 1.2183 7.0860 9.6909 
6 27986 559580 19.9950 181927 267204312 1468.7448 617 16.3839% 19.4978% 0 66792 0 0.1036 2.3022 1.2078 6.8550 4.4607 
7 48473 638720 13.1768 230400 267843032 1162.5132 618 24.9670% 19.5209% 0 66792 0 0.0791 1.8345 1.0000 6.5095 3.2448 
8 2004 17408 8.6866 232404 267860440 1152.5638 1162 10.2976% 19.4028% 0 67902 0 0.9341 1.8268 2.2691 6.4563 49.6671 
9 30814 38802432 1259.2468 263218 306662872 1165.0529 2250 42.4717% 23.2327% 0 84188 0 3.2718 1.9959 8.5852 6.7789 138.4962 
10 48498 11896320 245.2951 311716 318559192 1021.9533 2270 24.9976% 23.3473% 0 97832 0 1.5675 1.9293 7.9477 6.9073 64.4196 
11 27886 562628 20.1760 339602 319121820 939.6936 2272 16.2780% 23.3217% 0 97832 0 0.1040 1.7794 1.2125 6.7551 4.4712 
12 27583 639744 23.1934 367185 319761564 870.8459 2273 24.9406% 23.3247% 0 97832 0 0.1389 1.6561 1.0000 6.5187 5.7023 
13 55357 50733568 916.4797 422542 370495132 876.8244 3381 39.4095% 25.6667% 0 110548 0 3.1164 1.8474 7.4177 6.6981 128.3279 
15 30731 1569216 51.0630 453273 372064348 820.8394 3383 46.7906% 25.7403% 0 110548 0 0.1527 1.7325 1.6878 6.5813 6.1703 
16 9408 258060 27.4298 462681 372322408 804.7065 3403 23.2838% 25.7149% 0 113370 0 0.6781 1.7111 3.4191 6.5326 29.9592 
17 26985 53088984 1967.3517 489666 425411392 868.7787 6445 56.1840% 28.8856% 0 121892 0 7.2357 2.0156 13.5792 7.2800 286.0469 
18 22942 21242880 925.9385 512608 446654272 871.3369 6485 46.2988% 29.6498% 0 138118 0 4.2769 2.1168 11.3631 7.5245 170.0567 
19 21897 562628 25.6943 534505 447216900 836.6935 6487 16.4410% 29.6232% 0 138118 0 0.1324 2.0355 1.1638 7.4165 5.6941 
20 43144 639744 14.8281 577649 447856644 775.3093 6488 24.9634% 29.6136% 0 138118 0 0.0888 1.8901 1.0000 7.2532 3.6456 
21 52376 50733568 968.6415 630025 498590212 791.3817 7596 32.7117% 29.8365% 0 147270 0 3.1016 1.9908 11.2798 7.6048 123.0184 
23 6788 4136960 609.4520 636813 502727172 789.4424 7916 24.1951% 29.7100% 0 150368 0 6.9181 2.0433 11.9826 7.7064 277.8739 
24 13991 7672320 548.3754 650804 510399492 784.2599 8076 15.6084% 29.0656% 0 159355 0 2.2014 2.0467 6.4395 7.6715 100.1238 
25 22637 27557960 1217.3857 673441 537957452 798.8190 8139 24.7182% 28.8445% 0 159380 0 6.3357 2.1909 10.6602 7.8864 260.7068 
26 55223 11905280 215.5855 728664 549862732 754.6177 8159 24.9644% 28.6831% 0 178188 0 0.9286 2.0952 8.3613 7.9015 39.8304 
27 115694 160737952 1389.3370 844358 710600684 841.5870 10385 41.6869% 31.4174% 0 886014 8102 6.0613 2.6387 12.2351 8.8929 239.0768 
29 5455 2074400 380.2750 849813 712675084 838.6257 10585 15.4359% 31.2202% 0 889560 8102 3.0871 2.6415 7.8035 8.8836 132.0594 
30 2328 2234880 960.0000 852141 714909964 838.9573 10617 10.7559% 31.1765% 0 889560 8102 3.4433 2.6437 11.9821 8.8918 133.0144 
31 29650 5907568 199.2434 881791 720817532 817.4471 10680 6.2487% 29.9068% 0 891739 8102 1.9370 2.6200 2.4785 8.3544 77.5628 
35 12983 5907568 455.0233 894774 744447804 796.0297 10932 6.2461% 27.9523% 0 891739 8102 4.3605 2.7128 4.7319 7.8100 167.4451 
36 13088 5907568 451.3729 907862 750355372 791.2729 10995 6.2362% 27.5136% 0 891739 8102 4.3303 2.7352 4.7292 7.7004 166.2836 
43 13157 5907568 449.0057 921019 791708348 761.2668 11436 6.2462% 24.8847% 0 891739 8102 4.3029 2.8752 4.6630 7.0989 165.2306 
47 4349 188160 43.2651 925368 809619212 747.2065 11641 6.2406% 23.9227% 0 891739 8102 0.5206 2.9186 3.9306 6.9059 23.3808 
48 168042 347584 2.0684 1093410 809966796 647.1606 11657 1.6776% 22.7564% 0 891739 8102 0.0546 2.5341 1.0543 6.7969 2.2047 
53 8104 84536 10.4314 1101514 810389476 622.9735 11667 6.0548% 22.7241% 0 891739 8102 0.0935 2.4410 1.0737 6.7536 3.5917 
56 8071 84536 10.4740 1109585 810643084 611.7881 11673 6.0362% 22.7082% 0 891739 8102 0.0940 2.3982 1.0705 6.7283 3.6112 
58 8056 84536 10.4935 1117641 810812156 604.5400 11677 5.9986% 22.6976% 0 891739 8102 0.0942 2.3704 1.1244 6.7119 3.6179 
60 8071 84536 10.4740 1125712 810981228 597.4832 11681 6.0363% 22.6871% 0 891739 8102 0.0940 2.3434 1.0705 6.6952 3.6112 
64 8073 84536 10.4714 1133785 811319372 583.8384 11689 6.0369% 22.6660% 0 891739 8102 0.0940 2.2911 1.1211 6.6624 3.6103 
65 8344 536624 64.3126 1142129 811855996 580.7375 11705 12.3717% 22.6393% 0 891973 8102 0.0499 2.2777 1.0374 6.6576 5.8907 
66 32267 562628 17.4366 1174396 812418624 568.0292 11707 22.5062% 22.6392% 0 891973 8102 0.0880 2.2283 1.0004 6.6243 3.5881 
67 50323 639744 12.7128 1224719 813058368 549.1545 11708 24.9718% 22.6414% 0 891973 8102 0.0761 2.1551 1.0000 6.5798 3.1255 
68 62562 50733568 810.9326 1287281 863791936 559.7676 12816 32.8304% 22.9510% 0 893456 8102 2.5881 2.1727 9.3443 6.6752 101.6782 
70 3365 4136960 1229.4086 1290646 867928896 561.2247 13136 21.9148% 22.9462% 0 894149 8102 13.7415 2.1979 18.1690 6.7331 527.6719 
71 3255 7672320 2357.0876 1293901 875601216 564.9966 13296 15.4754% 22.9112% 0 894149 8102 8.8479 2.2118 15.7377 6.7657 339.7604 
72 28464 27557960 968.1689 1322365 903159176 572.2681 13359 24.2121% 22.9369% 0 896049 8102 4.9511 2.2612 12.6233 6.8919 193.8725 
73 54131 11905280 219.9346 1376496 915064456 560.5841 13379 24.9651% 22.9764% 0 913566 8102 0.9473 2.2177 8.6301 6.9117 40.6339 
74 93327 160737376 1722.3031 1469823 1075801832 623.4119 15605 41.9823% 24.3796% 0 1371774 8102 7.4901 2.5028 13.6761 7.5131 289.4440 
76 2583 2074400 803.0972 1472406 1077876232 623.6804 15805 14.4825% 24.3520% 0 1372555 8102 6.2718 2.5084 9.8122 7.5197 240.8362 
77 2307 2234880 968.7386 1474713 1080111112 624.1404 15837 10.7532% 24.3355% 0 1372555 8102 3.4746 2.5097 12.0360 7.5249 134.2252 
80 12979 5907568 455.1636 1487692 1097833816 615.6997 16026 6.2462% 23.4142% 0 1372555 8102 4.3619 2.5311 4.7280 7.2375 167.4967 
81 12967 5907568 455.5848 1500659 1103741384 614.5438 16089 6.2309% 23.2010% 0 1372555 8102 4.3707 2.5444 4.6955 7.1892 167.8353 
83 12975 5907568 455.3039 1513634 1115556520 612.2179 16215 6.2252% 22.7874% 0 1372555 8102 4.3680 2.5701 4.7351 7.0994 167.7318 
84 13004 5907568 454.2885 1526638 1121464088 611.0988 16278 6.2462% 22.5888% 0 1372555 8102 4.3535 2.5827 4.7244 7.0570 167.1747 
88 13076 5907568 451.7871 1539714 1145094360 606.7037 16530 6.2462% 21.8372% 0 1372555 8102 4.3295 2.6313 4.7048 6.9009 166.2541 
90 13100 5907568 450.9594 1552814 1156909496 604.6035 16656 6.2463% 21.4868% 0 1372555 8102 4.3216 2.6546 4.6819 6.8296 165.9496 
91 13284 5907568 444.7130 1566098 1162817064 603.5012 16719 6.2323% 21.3142% 0 1372555 8102 4.2664 2.6657 4.6405 6.7942 163.8302 
94 4448 188160 42.3022 1570546 1174820360 600.2155 16861 6.2421% 20.9720% 0 1372555 8102 0.5090 2.6831 3.8900 6.7278 22.8604 
95 167952 347584 2.0695 1738498 1175167944 552.9466 16877 1.6799% 20.3016% 0 1372555 8102 0.0546 2.4754 1.0425 6.6644 2.2059 
97 8069 84536 10.4766 1746567 1175337016 546.4869 16881 6.0001% 20.2922% 0 1372555 8102 0.0941 2.4469 1.0705 6.6544 3.6120 
98 8053 84536 10.4975 1754620 1175421552 544.4875 16883 6.0172% 20.2892% 0 1372555 8102 0.0943 2.4381 1.1379 6.6497 3.6192 
99 8058 84536 10.4909 1762678 1175506088 542.5016 16885 6.0355% 20.2862% 0 1372555 8102 0.0942 2.4294 1.1244 6.6450 3.6170 
100 8115 84536 10.4173 1770793 1175590624 540.5164 16887 6.0550% 20.2832% 0 1372555 8102 0.0934 2.4207 1.1213 6.6403 3.5868 
103 8055 84536 10.4948 1778848 1175844232 534.6802 16893 6.0366% 20.2742% 0 1372555 8102 0.0942 2.3950 1.1145 6.6262 3.6183 
105 8055 84536 10.4948 1786903 1176013304 530.8548 16897 5.9997% 20.2682% 0 1372555 8102 0.0942 2.3782 1.1195 6.6166 3.6183 
106 8070 84536 10.4753 1794973 1176097840 528.9661 16899 6.0184% 20.2652% 0 1372555 8102 0.0941 2.3699 1.0705 6.6117 3.6116 
108 8108 84536 10.4262 1803081 1176266912 525.2206 16903 6.0546% 20.2592% 0 1372555 8102 0.0935 2.3535 1.0706 6.6019 3.5899 
109 8053 84536 10.4975 1811134 1176351448 523.3765 16905 5.9993% 20.2562% 0 1372555 8102 0.0943 2.3454 1.1379 6.5973 3.6192 
111 8073 84536 10.4714 1819207 1176520520 519.7227 16909 6.0360% 20.2502% 0 1372555 8102 0.0940 2.3294 1.0705 6.5878 3.6103 
112 8369 536624 64.1204 1827576 1177057144 518.0445 16925 12.3790% 20.2365% 0 1372788 8102 0.0497 2.3210 1.0694 6.5851 5.8731 
113 2125 21500 10.1176 1829701 1177078644 517.5699 16945 1.5625% 20.2293% 0 1372788 8102 0.0960 2.3189 1.6063 6.5843 6.0717 
114 29666 559580 18.8627 1859367 1177638224 511.1483 16947 16.2618% 20.2263% 0 1372788 8102 0.0977 2.2903 1.2074 6.5682 4.2030 
115 50381 638720 12.6778 1909748 1178276944 500.4812 16948 24.9714% 20.2294% 0 1372788 8102 0.0761 2.2429 1.0000 6.5418 3.1219 
116 385 17408 45.2156 1910133 1178294352 500.4068 17492 10.2309% 20.2257% 0 1372788 8102 4.2390 2.2432 10.2000 6.5425 162.7761 
117 14172 38802432 2737.9644 1924305 1217096784 513.7933 18580 39.3446% 20.4570% 0 1375285 8102 6.8710 2.2709 10.4056 6.5868 263.8469 
118 49122 11896320 242.1791 1973427 1228993104 508.2754 18600 24.8412% 20.4827% 0 1375978 8102 1.3641 2.2525 6.9428 6.5909 53.4232 
119 3290 4136960 1257.4347 1976717 1233130064 509.2934 18920 22.4354% 20.4888% 0 1376471 8102 14.0547 2.2685 18.5852 6.6269 539.7009 
120 3306 7672320 2320.7261 1980023 1240802384 511.7633 19080 15.4745% 20.4728% 0 1376471 8102 8.7114 2.2773 14.9146 6.6462 334.5191 
121 1659 1075000 647.9807 1981682 1241877384 511.8564 20080 18.0178% 20.4694% 0 1376471 8102 4.9403 2.2791 7.8132 6.6477 203.3186 
122 30163 8977800 297.6428 2011845 1250855184 509.2260 20180 10.2268% 20.1795% 0 1394439 8102 1.4420 2.2689 5.9161 6.6413 71.8719 
123 4658 3291136 706.5556 2016503 1254146320 509.5995 20212 8.7081% 20.1620% 0 1394439 8102 3.7097 2.2716 12.1519 6.6506 142.4543 
124 326 4608 14.1350 2016829 1254150928 509.5339 20356 2.7938% 20.1568% 0 1394439 8102 1.3252 2.2715 3.6610 6.6502 50.8859 
125 26545 37269504 1404.0122 2043374 1291420432 519.0776 20932 22.2508% 20.2075% 0 1402513 8102 5.7587 2.3087 12.2517 6.7321 230.8542 
126 23380 8384000 358.5971 2066754 1299804432 517.5836 20982 12.4929% 20.1016% 0 1415234 8102 1.5954 2.3020 7.6955 6.7375 71.6099 
127 2587 2074400 801.8554 2069341 1301878832 517.8760 21182 14.4891% 20.0906% 0 1415978 8102 6.2621 2.3061 9.7239 6.7433 240.4639 
128 2325 2234880 961.2387 2071666 1304113712 518.2857 21214 10.6773% 20.0825% 0 1415978 8102 3.4443 2.3072 12.0967 6.7474 132.6575 
138 12983 5907568 455.0233 2084649 1363189392 512.2748 21844 6.2303% 18.7691% 0 1415978 8102 4.3653 2.3944 4.7123 6.4271 167.6284 
145 4359 188160 43.1659 2089008 1398822960 509.7632 22238 6.2262% 18.1505% 0 1415978 8102 0.5029 2.4467 3.5527 6.3077 20.7901 
146 167785 347584 2.0716 2256793 1399170544 480.5093 22254 1.6395% 17.7209% 0 1415978 8102 0.0543 2.3088 1.1485 6.2696 2.1532 
159 8110 84536 10.4237 2264903 1400269512 462.6776 22280 6.0455% 17.6947% 0 1415978 8102 0.0935 2.2246 1.0706 6.2258 3.5891 
161 8067 84536 10.4792 2272970 1400438584 460.2804 22284 6.0189% 17.6910% 0 1415978 8102 0.0941 2.2133 1.0705 6.2192 3.6129 
162 8071 84536 10.4740 2281041 1400523120 459.0904 22286 6.0360% 17.6892% 0 1415978 8102 0.0940 2.2077 1.1311 6.2161 3.6112 
163 8229 536624 65.2113 2289270 1401059744 458.0307 22302 12.0245% 17.6839% 0 1416164 8102 0.0374 2.2019 1.0548 6.2147 3.9571 
164 51343 27839232 542.2206 2340613 1428898976 459.4205 22590 11.2500% 17.4354% 0 1452270 8102 1.5644 2.1914 5.0509 6.1978 78.7401 
165 9876 27839232 2818.8772 2350489 1456738208 466.8889 22878 11.1909% 17.3934% 0 1452270 8102 7.2904 2.2075 14.3312 6.2348 279.9514 
166 9420 6024704 639.5652 2359909 1462762912 467.4087 22897 23.8781% 17.4037% 0 1452270 8102 1.6408 2.2058 3.5288 6.2241 64.8153 
167 43399 21664512 499.1938 2403308 1484427424 467.8434 23185 11.2503% 17.2109% 0 1479283 8102 1.9023 2.2017 5.3562 6.2123 108.7258 
168 1598 21500 13.4543 2404906 1484448924 467.6147 23205 1.5625% 17.2064% 0 1479833 8102 0.1001 2.2006 1.1429 6.2116 8.1702 
169 29569 560080 18.9415 2434475 1485009004 463.4741 23207 16.4348% 17.2060% 0 1479833 8102 0.0971 2.1812 1.2125 6.2011 4.1869 
170 51428 651264 12.6636 2485903 1485660268 456.3525 23208 24.9516% 17.2097% 0 1479833 8102 0.0593 2.1477 1.0000 6.1871 2.4790 
171 385 17408 45.2156 2486288 1485677676 456.3039 23752 10.1895% 17.2078% 0 1479833 8102 4.2390 2.1479 10.4615 6.1877 162.7761 
172 14467 38802432 2682.1340 2500755 1524480108 466.1503 24840 39.6915% 17.4030% 0 1482806 8102 6.7309 2.1682 10.8570 6.2244 258.4667 
173 49487 12264960 247.8421 2550242 1536745068 462.8961 24860 24.9976% 17.4699% 0 1498555 8102 1.3046 2.1553 8.5794 6.2399 54.3794 
174 27754 563128 20.2900 2577996 1537308196 459.2265 24862 16.0635% 17.4692% 0 1498555 8102 0.1033 2.1383 1.2093 6.2295 4.4385 
175 29018 652288 22.4787 2607014 1537960484 455.4732 24863 24.9285% 17.4712% 0 1498555 8102 0.1051 2.1208 1.0000 6.2157 4.3934 
176 39147 51102208 1305.3927 2646161 1589062692 465.2139 25971 35.1214% 17.6594% 0 1498555 8102 4.0274 2.1427 8.1991 6.2482 157.0881 
178 30301 1581760 52.2016 2676462 1590644452 461.5823 25973 46.7883% 17.6750% 0 1498555 8102 0.1290 2.1250 1.6954 6.2393 5.2643 
179 8653 258560 29.8810 2685115 1590903012 460.5010 25993 22.6183% 17.6824% 0 1501287 8102 0.7338 2.1215 3.4833 6.2350 32.4401 
180 16847 53088984 3151.2427 2701962 1643991996 473.5588 29035 54.6469% 18.0726% 0 1502173 8102 11.4797 2.1669 14.5544 6.3280 442.7362 
181 24157 23158080 958.6489 2726119 1667150076 476.9110 29075 46.1894% 18.3056% 0 1526348 8102 3.5981 2.1768 11.0811 6.3592 143.7000 
182 18654 563128 30.1881 2744773 1667713204 474.5398 29077 16.7120% 18.3052% 0 1526348 8102 0.1536 2.1661 1.0010 6.3464 6.6038 
183 41293 652288 15.7966 2786066 1668365492 469.2123 29078 24.9466% 18.3075% 0 1526348 8102 0.0739 2.1418 1.0000 6.3328 3.0874 
184 44968 51102208 1136.4127 2831034 1719467700 477.5449 30186 34.3943% 18.4916% 0 1526660 8102 3.4288 2.1578 9.0221 6.3705 134.7313 
186 6799 4567040 671.7223 2837833 1724034740 477.9108 30506 24.8042% 18.5186% 0 1530084 8102 3.5111 2.1604 6.6831 6.3714 147.0259 
187 15631 7983360 510.7389 2853464 1732018100 478.0525 30666 15.6123% 18.4884% 0 1538937 8102 1.1516 2.1560 3.4562 6.3591 58.9598 
188 22432 27582960 1229.6255 2875896 1759601060 482.6772 30729 24.5252% 18.5527% 0 1538937 8102 6.3244 2.1817 10.7763 6.4059 260.1655 
189 55488 11951360 215.3864 2931384 1771552420 478.6697 30749 24.9661% 18.6112% 0 1556748 8102 0.8723 2.1621 7.6413 6.4122 37.6471 
190 96871 160839680 1660.3491 3028255 1932392100 508.8105 32975 38.8921% 19.5041% 0 2095867 8102 7.2054 2.2907 12.9745 6.6834 281.8413 
192 5889 2251200 382.2720 3034144 1934643300 508.6146 33175 15.5680% 19.4900% 0 2099276 8102 1.7864 2.2899 4.5228 6.6795 82.6816 
193 2949 2321152 787.0980 3037093 1936964452 508.8304 33207 10.6445% 19.4836% 0 2099276 8102 1.3564 2.2892 6.8966 6.6796 52.0855 
194 28854 5535968 191.8614 3065947 1942500420 506.4459 33270 6.2491% 19.3000% 0 2101901 8102 1.0170 2.2796 1.8727 6.6226 42.5748 
196 13400 5535968 413.1319 3079347 1953572356 505.6367 33396 6.2454% 19.1344% 0 2101901 8102 2.1241 2.2779 2.8089 6.5645 81.5656 
200 13315 5535968 415.7693 3092662 1975716228 504.3904 33648 6.2455% 18.8188% 0 2101901 8102 2.1377 2.2759 2.8785 6.4546 82.0863 
201 13387 5535968 413.5331 3106049 1981252196 504.0809 33711 6.2379% 18.7421% 0 2101901 8102 2.1285 2.2754 2.9201 6.4298 81.7337 
210 3614 224064 61.9989 3109663 2025764004 501.2879 34231 6.2432% 18.1569% 0 2101901 8102 0.3597 2.2697 2.8017 6.2362 16.8730 
211 273441 406624 1.4871 3383104 2026170628 469.6123 34232 1.6305% 18.1251% 0 2101901 8102 0.0311 2.1279 1.0000 6.2061 1.1987 
213 8090 80736 9.9797 3391194 2026332100 467.0049 34236 6.0119% 18.1210% 0 2101901 8102 0.0476 2.1161 1.0158 6.2034 1.8274 
215 8088 80736 9.9822 3399282 2026493572 465.3191 34240 6.0562% 18.1183% 0 2101901 8102 0.0476 2.1084 1.0606 6.2009 1.8279 
218 8088 80736 9.9822 3407370 2026735780 462.7960 34246 6.0364% 18.1142% 0 2101901 8102 0.0476 2.0970 1.0519 6.1971 1.8279 
228 8352 553648 66.2893 3415722 2028016052 454.6916 34280 12.3063% 18.0966% 0 2101901 8102 0.0498 2.0599 1.0400 6.1843 6.3264 
229 10886 563128 51.7296 3426608 2028579180 453.7105 34282 18.9553% 18.0967% 0 2101901 8102 0.2528 2.0555 1.0000 6.1747 9.7076 
230 51132 652288 12.7569 3477740 2029231468 448.7247 34283 24.9605% 18.0991% 0 2101901 8102 0.0596 2.0329 1.0000 6.1641 2.4933 
231 62300 51102208 820.2601 3540040 2080333676 453.7736 35391 33.7890% 18.2542% 0 2101959 8102 2.4690 2.0388 9.5121 6.2000 96.3415 
233 3131 4567040 1458.6522 3543171 2084900716 454.4594 35711 23.2661% 18.2624% 0 2102200 8102 7.3944 2.0425 11.0353 6.2067 283.9466 
234 3873 7983360 2061.2859 3547044 2092884076 455.8148 35871 15.5038% 18.2565% 0 2102200 8102 4.1312 2.0442 11.0497 6.2114 158.6367 
235 32983 27582960 836.2781 3580027 2120467036 458.5284 35934 23.9168% 18.3001% 0 2105527 8102 4.2200 2.0598 13.4728 6.2607 164.4460 
236 55090 11951360 216.9425 3635117 2132418396 455.6843 35954 24.9112% 18.3358% 0 2105858 8102 0.8640 2.0457 6.3005 6.2609 35.6885 
237 93483 160839872 1720.5254 3728600 2293258268 480.4568 38180 41.4324% 19.0301% 0 2564136 8102 7.4420 2.1514 13.5861 6.4982 287.9990 
239 2392 2251200 941.1371 3730992 2295509468 480.6876 38380 15.1070% 19.0258% 0 2564661 8102 4.0970 2.1523 7.0912 6.4988 157.3244 
240 2943 2321152 788.7027 3733935 2297830620 480.8773 38412 10.6486% 19.0207% 0 2564661 8102 1.3592 2.1519 7.1048 6.4990 52.1916 
242 13397 5535968 413.2245 3747332 2308902556 479.3475 38538 6.2399% 18.8254% 0 2564661 8102 2.1269 2.1465 2.9240 6.4354 81.6727 
244 13349 5535968 414.7103 3760681 2319974492 478.9853 38664 6.2368% 18.6919% 0 2564661 8102 2.1345 2.1464 2.7610 6.3908 81.9664 
247 13359 5535968 414.3999 3774040 2336582396 478.4542 38853 6.2455% 18.4975% 0 2564661 8102 2.1306 2.1463 2.8426 6.3255 81.8159 
248 13311 5535968 415.8942 3787351 2342118364 478.2842 38916 6.2404% 18.4341% 0 2564661 8102 2.1406 2.1463 2.8167 6.3042 82.2004 
249 13421 5535968 412.4855 3800772 2347654332 478.1043 38979 6.2456% 18.3711% 0 2564661 8102 2.1208 2.1462 2.7621 6.2825 81.4380 
253 13381 5535968 413.7186 3814153 2369798204 477.4105 39231 6.2455% 18.1258% 0 2564661 8102 2.1271 2.1460 2.9705 6.2050 81.6814 
254 13314 5535968 415.8005 3827467 2375334172 477.2456 39294 6.2402% 18.0662% 0 2564661 8102 2.1402 2.1460 2.8375 6.1854 82.1819 
257 3614 224064 61.9989 3831081 2386630172 476.6046 39436 6.2432% 17.9443% 0 2564661 8102 0.3597 2.1446 2.8017 6.1475 16.8730 
258 273086 406624 1.4890 4104167 2387036796 452.0342 39437 1.6306% 17.9174% 0 2564661 8102 0.0312 2.0353 1.0000 6.1225 1.2003 
259 16211 80736 4.9803 4120378 2387117532 450.6660 39439 6.1799% 17.9151% 0 2564661 8102 0.0237 2.0292 1.0026 6.1214 0.9096 
261 7979 80736 10.1186 4128357 2387279004 449.3330 39443 6.1072% 17.9128% 0 2564661 8102 0.0481 2.0232 1.0726 6.1194 1.8481 
265 8095 80736 9.9736 4136452 2387601948 446.6721 39451 6.0335% 17.9082% 0 2564661 8102 0.0476 2.0112 1.0724 6.1152 1.8263 
267 8094 80736 9.9748 4144546 2387763420 445.3634 39455 6.0794% 17.9059% 0 2564661 8102 0.0474 2.0053 1.0323 6.1130 1.8218 
270 8092 80736 9.9773 4152638 2388005628 443.4103 39461 6.0552% 17.9025% 0 2564661 8102 0.0476 1.9966 1.0322 6.1098 1.8270 
273 8089 80736 9.9810 4160727 2388247836 441.4635 39467 6.0356% 17.8991% 0 2564661 8102 0.0476 1.9878 1.0519 6.1066 1.8277 
275 8366 553648 66.1783 4169093 2388882220 440.2509 39485 12.3029% 17.8934% 0 2564661 8102 0.0497 1.9820 1.0348 6.1044 6.3158 
276 1848 21500 11.6342 4170941 2388903720 440.1049 39505 1.5625% 17.8904% 0 2564661 8102 0.0790 1.9813 1.2807 6.1041 5.9013 
277 28421 560080 19.7066 4199362 2389463800 437.9152 39507 16.2811% 17.8899% 0 2564661 8102 0.1009 1.9715 1.2101 6.0975 4.3452 
278 51523 651264 12.6403 4250885 2390115064 433.9371 39508 24.9615% 17.8921% 0 2564661 8102 0.0592 1.9536 1.0000 6.0887 2.4774 
279 389 17408 44.7506 4251274 2390132472 433.9096 40052 10.1617% 17.8907% 0 2564661 8102 4.1954 1.9538 10.1366 6.0891 161.1023 
280 14485 38802432 2678.8010 4265759 2428934904 439.7974 41140 39.7387% 18.0171% 0 2567857 8102 6.7225 1.9663 10.7113 6.1127 258.1456 
281 50121 12264960 244.7070 4315880 2441199864 438.0428 41160 24.8693% 18.0378% 0 2568050 8102 1.1858 1.9593 6.3912 6.1142 46.8023 
282 3118 4567040 1464.7338 4318998 2445766904 438.6169 41480 23.2767% 18.0452% 0 2568291 8102 7.4253 1.9623 11.7225 6.1204 285.1305 
283 3871 7983360 2062.3508 4322869 2453750264 439.7433 41640 15.5076% 18.0406% 0 2568291 8102 4.1333 1.9638 11.0727 6.1244 158.7187 
284 1424 1075000 754.9157 4324293 2454825264 439.8237 42640 18.1321% 18.0406% 0 2568291 8102 3.6081 1.9643 6.4386 6.1245 149.7169 
285 30873 9012800 291.9315 4355166 2463838064 439.0102 42740 10.0525% 17.9293% 0 2587014 8102 1.3577 1.9609 5.6737 6.1227 68.1070 
286 5265 3337216 633.8492 4360431 2467175280 439.1928 42772 8.5863% 17.9214% 0 2587014 8102 2.7350 1.9616 11.4014 6.1264 105.0256 
287 331 4608 13.9215 4360762 2467179888 439.1677 42916 2.7863% 17.9192% 0 2587014 8102 1.3051 1.9616 3.5122 6.1262 50.1172 
288 18077 37269504 2061.7085 4378839 2504449392 444.3719 43492 21.7296% 17.9442% 0 2587014 8102 8.3385 1.9821 10.3970 6.1603 320.9056 
289 24004 8486400 353.5411 4402843 2512935792 443.9868 43542 12.4937% 17.9066% 0 2599915 8102 1.4227 1.9797 7.0094 6.1626 64.9492 
290 2375 2251200 947.8737 4405218 2515186992 444.1981 43742 14.8674% 17.9035% 0 2600477 8102 4.1263 1.9806 7.2485 6.1634 158.4505 
291 2947 2321152 787.6321 4408165 2517508144 444.3768 43774 10.6534% 17.8997% 0 2600477 8102 1.3573 1.9803 7.0299 6.1637 52.1208 
292 25881 5535968 213.9008 4434046 2523044112 443.3286 43837 6.2479% 17.7943% 0 2600477 8102 1.0998 1.9763 1.6791 6.1223 42.2309 
295 13319 5535968 415.6444 4447365 2539652016 443.1215 44026 6.2411% 17.6334% 0 2600477 8102 2.1393 1.9773 2.8067 6.0685 82.1510 
300 13397 5535968 413.2245 4460762 2567331856 442.7728 44341 6.2449% 17.3749% 0 2600477 8102 2.1246 1.9790 2.8426 5.9824 81.5839 
301 13414 5535968 412.7008 4474176 2572867824 442.7034 44404 6.2371% 17.3246% 0 2600477 8102 2.1242 1.9794 2.8730 5.9664 81.5692 
303 13297 5535968 416.3321 4487473 2583939760 442.5750 44530 6.2400% 17.2256% 0 2600477 8102 2.1429 1.9801 2.7467 5.9334 82.2870 
305 13329 5535968 415.3326 4500802 2595011696 442.4458 44656 6.2398% 17.1282% 0 2600477 8102 2.1377 1.9808 2.7653 5.9008 82.0894 
308 3551 224064 63.0988 4504353 2606307696 442.0800 44798 6.2342% 17.0310% 0 2600477 8102 0.3424 1.9804 5.3805 5.8687 13.5389 
309 274463 406624 1.4815 4778816 2606714320 422.4807 44799 1.6302% 17.0085% 0 2600477 8102 0.0310 1.8937 1.0000 5.8479 1.1943 
310 16331 80736 4.9437 4795147 2606795056 421.3784 44801 6.1806% 17.0066% 0 2600477 8102 0.0235 1.8888 1.0186 5.8470 0.9029 
316 8091 80736 9.9785 4803238 2607279472 418.1830 44813 6.0337% 17.0010% 0 2600477 8102 0.0476 1.8745 1.0577 5.8417 1.8272 
317 7976 80736 10.1224 4811214 2607360208 417.6617 44815 6.1068% 17.0000% 0 2600477 8102 0.0481 1.8721 1.0579 5.8408 1.8487 
318 8090 80736 9.9797 4819304 2607440944 417.1341 44817 6.0773% 16.9991% 0 2600477 8102 0.0475 1.8698 1.0159 5.8399 1.8227 
319 8093 80736 9.9760 4827397 2607521680 416.6076 44819 6.0113% 16.9981% 0 2600477 8102 0.0476 1.8674 1.0158 5.8390 1.8268 
326 8263 553648 67.0033 4835660 2608559744 413.0376 44847 10.6289% 16.9910% 0 2600477 8102 0.0165 1.8510 1.0382 5.8335 1.1897 
