1 80788 1690992 20.9312 80788 1690992 20.9312 18 3.1249% 3.1249% 0 14345 0 0.1170 0.1170 3.0642 3.0642 7.1469 
2 16433 1690992 102.9022 97221 3381984 34.7866 36 3.1245% 3.1248% 0 14345 0 0.5754 0.1945 1.5284 2.0395 35.1355 
3 11808 352000 29.8103 109029 3733984 34.2476 38 18.6410% 3.3149% 0 14345 0 0.1637 0.1912 1.0409 1.8729 6.4423 
4 67911 1319472 19.4294 176940 5053456 28.5603 56 3.1248% 3.2373% 0 18165 0 0.1378 0.1707 3.3464 2.1688 8.8752 
5 4302 21500 4.9977 181242 5074956 28.0010 76 1.5625% 3.1908% 0 21212 0 0.0604 0.1681 1.2808 2.1561 4.6416 
6 62895 559580 8.8971 244137 5634536 23.0794 78 16.2750% 3.7023% 0 21212 0 0.0461 0.1367 1.2082 2.0183 1.9873 
7 93901 52624 0.5604 338038 5687160 16.8240 79 2.6079% 3.6711% 0 21212 0 0.0034 0.0997 1.0000 1.9988 0.2405 
8 3806 17408 4.5738 341844 5704568 16.6876 623 10.5848% 4.2286% 0 24122 0 0.4921 0.1040 2.2593 2.0110 26.1717 
9 52115 38568512 740.0655 393959 44273080 112.3799 1711 42.4871% 24.7641% 0 77266 0 0.3070 0.1309 2.4228 2.1230 19.4288 
10 92454 753120 8.1459 486413 45026200 92.5678 1713 16.0575% 24.5611% 0 77266 0 0.0521 0.1159 1.1763 1.9864 2.2229 
11 61408 562628 9.1621 547821 45588828 83.2185 1715 16.0953% 24.4332% 0 77266 0 0.0472 0.1082 1.2084 1.9257 2.0304 
12 20469 52624 2.5709 568290 45641452 80.3137 1716 2.4504% 24.3774% 0 77266 0 0.0157 0.1049 1.0000 1.9162 1.0993 
13 82248 39427168 479.3693 650538 85068620 130.7666 2806 42.2394% 30.7929% 0 121054 0 0.2119 0.1184 1.9444 1.9225 13.0913 
15 53313 1510416 28.3311 703851 86579036 123.0076 2808 46.8239% 30.9277% 0 121054 0 0.0604 0.1140 1.8234 1.9183 2.4979 
16 21046 258060 12.2617 724897 86837096 119.7923 2828 23.2568% 30.6876% 0 133231 0 0.3031 0.1195 3.4338 1.9827 13.3924 
17 45321 53088984 1171.3992 770218 139926080 181.6707 5870 55.5358% 36.0009% 0 196032 184 4.3127 0.3662 11.9493 4.6976 170.4865 
18 41340 18132480 438.6183 811558 158058560 194.7594 5910 46.6038% 36.9472% 0 431988 184 1.7068 0.4345 10.6990 5.2915 68.7187 
19 17543 562628 32.0714 829101 158621188 191.3171 5912 17.5403% 36.9152% 0 431988 184 0.1653 0.4288 1.0007 5.1127 7.1074 
20 20465 52624 2.5714 849566 158673812 186.7704 5913 2.4460% 36.8767% 0 431988 184 0.0157 0.4189 1.0000 5.0938 1.0996 
21 36519 39427168 1079.6344 886085 198100980 223.5688 7003 38.9548% 36.9663% 0 431988 184 0.3720 0.4169 2.0086 4.8214 14.8473 
23 9084 409440 45.0727 895169 198510420 221.7575 7043 6.1199% 36.4189% 0 438784 184 0.3785 0.4166 2.3468 4.7750 18.9210 
24 25481 479520 18.8187 920650 198989940 216.1407 7053 7.8114% 36.0504% 0 438784 184 0.0805 0.4073 2.9037 4.7582 4.1593 
25 22131 27557960 1245.2198 942781 226547900 240.2975 7116 24.7238% 35.3703% 0 438784 184 6.4805 0.5498 10.4140 5.5997 266.6606 
26 105553 753936 7.1427 1048334 227301836 216.8220 7118 16.0597% 35.1797% 0 438784 184 0.0311 0.4976 1.1841 5.4714 1.4115 
27 161565 136702080 846.1119 1209899 364003916 300.8548 9298 52.6890% 38.6626% 0 952911 184 1.2037 0.5919 7.3831 5.8852 47.8954 
29 8288 403200 48.6486 1218187 364407116 299.1389 9348 6.1191% 38.3562% 0 959311 184 0.1285 0.5887 2.0600 5.8690 7.8579 
30 23908 139680 5.8424 1242095 364546796 293.4935 9350 10.4728% 38.3290% 0 959311 184 0.0220 0.5778 1.0038 5.8482 0.9637 
31 67001 5907568 88.1713 1309096 370454364 282.9849 9413 6.2484% 33.9713% 0 968199 184 0.8572 0.5921 1.8772 5.0558 34.3239 
32 9200 11760 1.2783 1318296 370466124 281.0189 9414 6.2461% 33.9630% 0 968199 184 0.0146 0.5881 1.0000 5.0523 0.6595 
33 170562 21724 0.1274 1488858 370487848 248.8403 9415 1.8265% 33.7873% 0 968199 184 0.0034 0.5211 1.0000 5.0372 0.1358 
34 42068 84536 2.0095 1530926 370572384 242.0577 9417 6.1696% 33.7133% 0 968199 184 0.0186 0.5073 1.0235 5.0173 0.7868 
35 18307 33539 1.8320 1549233 370605923 239.2190 9418 12.4279% 33.7008% 0 968199 184 0.0014 0.5013 1.0000 5.0166 0.1678 
36 62425 562628 9.0129 1611658 371168551 230.3023 9420 9.9355% 33.6448% 0 968199 184 0.0455 0.4837 1.0007 4.9443 1.8546 
37 95465 52624 0.5512 1707123 371221175 217.4543 9421 2.5996% 33.5506% 0 968199 184 0.0034 0.4568 1.0000 4.9363 0.2357 
38 104955 39427168 375.6578 1812078 410648343 226.6174 10511 35.0801% 33.5963% 0 968199 184 0.1294 0.4378 1.9816 4.8134 5.1661 
40 3457 409440 118.4380 1815535 411057783 226.4114 10551 5.2974% 33.5122% 0 968199 184 0.8967 0.4387 2.8999 4.8011 35.1010 
41 5253 479520 91.2850 1820788 411537303 226.0215 10561 7.8006% 33.4782% 0 968199 184 0.3760 0.4385 2.0573 4.7853 18.0706 
42 21393 27557960 1288.1765 1842181 439095263 238.3562 10624 24.1844% 33.2072% 0 968199 184 6.5740 0.5098 12.2156 5.2649 255.8779 
43 105529 753936 7.1443 1947710 439849199 225.8289 10626 16.0602% 33.1006% 0 968199 184 0.0311 0.4838 1.1871 5.2027 1.4119 
44 132018 136701120 1035.4734 2079728 576550319 277.2239 12806 48.4160% 34.3685% 0 1428054 184 1.4453 0.5449 7.4844 5.4842 55.8036 
46 8225 403200 49.0213 2087953 576953519 276.3250 12856 5.9930% 34.2195% 0 1428054 184 0.1142 0.5432 2.6983 5.4795 5.6211 
47 23741 139680 5.8835 2111694 577093199 273.2845 12858 10.6819% 34.1893% 0 1428054 184 0.0232 0.5373 1.5137 5.4725 1.1257 
48 68627 5907568 86.0823 2180321 583000767 267.3922 12921 6.2487% 31.6194% 0 1428054 184 0.8278 0.5465 1.8252 4.9965 32.1141 
49 9203 11760 1.2778 2189524 583012527 266.2737 12922 6.2458% 31.6137% 0 1428054 184 0.0146 0.5442 1.0000 4.9942 0.6593 
50 170603 21724 0.1273 2360127 583034251 247.0351 12923 1.8266% 31.4897% 0 1428054 184 0.0034 0.5051 1.0000 4.9847 0.1357 
51 40812 84536 2.0714 2400939 583118787 242.8711 12925 6.1745% 31.4396% 0 1428054 184 0.0186 0.4969 1.0188 4.9724 0.7132 
52 18304 33539 1.8323 2419243 583152326 241.0474 12926 12.4279% 31.4311% 0 1428054 184 0.0014 0.4931 1.0000 4.9719 0.1678 
53 5229 21500 4.1117 2424472 583173826 240.5364 12946 1.5625% 31.3783% 0 1428054 184 0.0398 0.4921 1.5522 4.9700 2.5850 
54 64043 559580 8.7376 2488515 583733406 234.5710 12948 16.1266% 31.3312% 0 1428054 184 0.0453 0.4806 1.2094 4.9328 1.9469 
55 94763 52624 0.5553 2583278 583786030 225.9865 12949 2.5992% 31.2654% 0 1428054 184 0.0034 0.4631 1.0000 4.9276 0.2375 
56 388 17408 44.8660 2583666 583803438 225.9593 13493 10.1731% 31.2507% 0 1428054 184 4.2062 0.4637 10.2642 4.9311 161.5175 
57 15362 38568512 2510.6440 2599028 622371950 239.4634 14581 39.5759% 31.4633% 0 1441037 184 0.8145 0.4658 2.1454 4.8658 31.2759 
58 94090 753120 8.0043 2693118 623125070 231.3768 14583 16.0643% 31.3954% 0 1441037 184 0.0461 0.4511 1.1627 4.8111 1.9884 
59 3466 409440 118.1304 2696584 623534510 231.2313 14623 5.4185% 31.3258% 0 1441037 184 0.8932 0.4517 3.2901 4.8055 34.8325 
60 5269 479520 91.0078 2701853 624014030 230.9578 14633 7.8074% 31.2971% 0 1441037 184 0.3891 0.4516 2.3509 4.7970 20.1146 
61 2214 1075000 485.5465 2704067 625089030 231.1662 15633 18.6885% 31.2520% 0 1441037 184 3.7001 0.4542 6.5799 4.8057 152.0737 
62 62766 8977800 143.0360 2766833 634066830 229.1670 15733 10.1498% 29.0878% 0 1498139 184 0.6930 0.4596 5.8658 4.8356 34.5390 
63 4436 205696 46.3697 2771269 634272526 228.8744 15735 8.6491% 29.0845% 0 1498139 184 0.2435 0.4593 1.0056 4.8200 9.3490 
64 331 4608 13.9215 2771600 634277134 228.8487 15879 2.7842% 29.0710% 0 1498139 184 1.3051 0.4594 3.5122 4.8194 50.1172 
65 39390 37011744 939.6229 2810990 671288878 238.8087 16455 22.4753% 28.6699% 0 1523595 184 1.1938 0.4697 5.1364 4.8300 52.3932 
66 45114 528960 11.7250 2856104 671817838 235.2218 16459 9.9628% 28.6041% 0 1523595 184 0.0589 0.4632 2.4986 4.8210 2.6897 
67 1554 403200 259.4595 2857658 672221038 235.2350 16509 4.6952% 28.5878% 0 1523595 184 0.5573 0.4632 4.3518 4.8207 22.5853 
68 5352 139680 26.0987 2863010 672360718 234.8440 16511 10.6562% 28.5841% 0 1523595 184 0.1030 0.4626 1.1479 4.8143 4.9937 
69 13627 5907568 433.5193 2876637 678268286 235.7852 16574 6.2440% 28.2251% 0 1523595 184 4.1545 0.4801 4.7542 4.8118 159.5318 
70 2273 11760 5.1738 2878910 678280046 235.6031 16575 6.2342% 28.2241% 0 1523595 184 0.0590 0.4797 1.0000 4.8100 2.6692 
71 162903 21724 0.1334 3041813 678301770 222.9926 16576 1.6094% 28.1412% 0 1523595 184 0.0035 0.4542 1.0000 4.8024 0.1421 
72 12973 84536 6.5163 3054786 678386306 222.0733 16578 6.0138% 28.1302% 0 1523595 184 0.0584 0.4525 1.1297 4.7939 2.2437 
73 4632 33539 7.2407 3059418 678419845 221.7480 16579 10.1762% 28.1286% 0 1523595 184 0.0056 0.4519 1.0000 4.7935 0.6632 
74 95744 1739952 18.1730 3155162 680159797 215.5705 16597 3.1250% 27.3313% 0 1537316 184 0.0666 0.4402 2.2733 4.7693 4.8080 
75 18884 1739952 92.1390 3174046 681899749 214.8361 16615 3.1248% 27.1815% 0 1537316 184 0.3374 0.4396 1.2103 4.7061 24.3772 
76 13216 389440 29.4673 3187262 682289189 214.0675 16617 18.3177% 27.1776% 0 1537316 184 0.0736 0.4380 1.0210 4.6943 2.9666 
77 81700 1354032 16.5732 3268962 683643221 209.1316 16635 3.1249% 26.5446% 0 1543460 184 0.0784 0.4291 2.4181 4.6741 5.9560 
78 3377 21500 6.3666 3272339 683664721 208.9223 16655 1.5625% 26.5148% 0 1545788 184 0.0474 0.4287 1.1348 4.6725 3.8662 
79 64350 560080 8.7037 3336689 684224801 205.0610 16657 16.3111% 26.4915% 0 1545788 184 0.0446 0.4213 1.2084 4.6453 1.9239 
80 96843 53408 0.5515 3433532 684278209 199.2928 16658 2.3584% 26.4499% 0 1545788 184 0.0028 0.4095 1.0000 4.6420 0.2161 
81 389 17408 44.7506 3433921 684295617 199.2753 17202 10.1579% 26.4415% 0 1545788 184 4.1954 0.4099 10.0741 4.6449 161.1023 
82 15385 38568512 2506.8906 3449306 722864129 209.5680 18290 39.2537% 26.6812% 0 1555092 184 0.8133 0.4117 2.2524 4.6018 31.2292 
83 96096 776160 8.0769 3545402 723640289 204.1067 18292 15.9532% 26.6454% 0 1555092 184 0.0427 0.4017 1.1522 4.5625 1.8605 
84 61482 563128 9.1592 3606884 724203417 200.7837 18294 15.9654% 26.6228% 0 1555092 184 0.0466 0.3956 1.2091 4.5372 2.0086 
85 21541 53408 2.4794 3628425 724256825 199.6064 18295 2.3257% 26.6138% 0 1555092 184 0.0128 0.3934 1.0000 4.5341 0.9715 
86 37217 39450208 1060.0050 3665642 763707033 208.3419 19385 38.3747% 26.7801% 0 1555092 184 0.3588 0.3930 1.9792 4.4805 14.3460 
88 53718 1511200 28.1321 3719360 765218233 205.7392 19387 46.8220% 26.8169% 0 1555092 184 0.0591 0.3882 1.7836 4.4656 2.4441 
89 19416 258560 13.3169 3738776 765476793 204.7399 19407 22.5649% 26.7897% 0 1567359 184 0.3270 0.3879 3.3831 4.4594 14.4574 
90 18650 53088984 2846.5942 3757426 818565777 217.8528 22449 48.1492% 27.2868% 0 1626915 184 10.3699 0.4374 13.0165 4.8333 398.2049 
91 41930 19529280 465.7591 3799356 838095057 220.5887 22489 46.5043% 27.7985% 0 1817180 184 1.6666 0.4510 12.3050 4.9560 67.1290 
92 17636 563128 31.9306 3816992 838658185 219.7170 22491 17.5394% 27.7935% 0 1817180 184 0.1626 0.4496 1.0024 4.9236 7.0024 
93 21538 53408 2.4797 3838530 838711593 218.4981 22492 2.3258% 27.7846% 0 1817180 184 0.0128 0.4472 1.0000 4.9205 0.9717 
94 36863 39450208 1070.1844 3875393 878161801 226.5994 23582 38.2432% 27.9211% 0 1817180 184 0.3557 0.4463 2.0272 4.8678 14.2337 
96 11700 443920 37.9419 3887093 878605721 226.0316 23622 5.6921% 27.7787% 0 1825326 184 0.1709 0.4455 1.3879 4.8537 10.1087 
97 27916 498960 17.8736 3915009 879104681 224.5473 23632 7.8116% 27.6910% 0 1825326 184 0.0452 0.4426 1.9238 4.8484 2.7841 
98 22233 27582960 1240.6315 3937242 906687641 230.2850 23695 24.6524% 27.6314% 0 1825326 184 6.3829 0.4762 10.7256 5.0582 262.7774 
99 107871 756816 7.0159 4045113 907444457 224.3311 23697 15.9433% 27.5927% 0 1825326 184 0.0287 0.4643 1.1946 5.0313 1.3171 
100 131228 136707328 1041.7543 4176341 1044151785 250.0159 25877 48.8296% 28.5454% 0 2266373 184 1.4492 0.4952 7.7318 5.1983 55.9520 
102 7750 419200 54.0903 4184091 1044570985 249.6530 25927 6.0596% 28.4598% 0 2272853 184 0.0880 0.4944 1.2288 5.1927 6.8278 
103 25149 145072 5.7685 4209240 1044716057 248.1959 25929 10.6636% 28.4467% 0 2272853 184 0.0119 0.4916 1.4493 5.1908 0.6871 
104 66112 5535968 83.7362 4275352 1050252025 245.6528 25992 6.2495% 27.1741% 0 2281594 184 0.4439 0.4908 1.4373 5.0079 18.5814 
105 7239 14004 1.9345 4282591 1050266029 245.2408 25993 6.2461% 27.1720% 0 2281594 184 0.0097 0.4900 1.0000 5.0072 0.4668 
106 253209 30694 0.1212 4535800 1050296723 231.5571 25994 1.7396% 27.0835% 0 2281594 184 0.0021 0.4628 1.0000 5.0021 0.0861 
107 39567 80736 2.0405 4575367 1050377459 229.5723 25996 6.2184% 27.0609% 0 2281594 184 0.0104 0.4589 1.0223 4.9982 0.4814 
108 19347 34603 1.7885 4594714 1050412062 228.6131 25997 12.4130% 27.0570% 0 2281594 184 0.0012 0.4569 1.0000 4.9980 0.1667 
109 11499 563128 48.9719 4606213 1050975190 228.1647 25999 18.7264% 27.0550% 0 2281594 184 0.2393 0.4564 1.0000 4.9720 9.1901 
110 98617 53408 0.5416 4704830 1051028598 223.3935 26000 2.5743% 27.0219% 0 2281594 184 0.0028 0.4469 1.0000 4.9694 0.2138 
111 25542 39450208 1544.5231 4730372 1090478806 230.5271 27090 39.0604% 27.1530% 0 2281594 184 0.5061 0.4472 2.0433 4.9263 19.4360 
113 7565 443920 58.6808 4737937 1090922726 230.2527 27130 4.8766% 27.0942% 0 2281594 184 0.2218 0.4468 1.5537 4.9178 9.0962 
114 8181 498960 60.9901 4746118 1091421686 229.9609 27140 7.8097% 27.0733% 0 2281594 184 0.1550 0.4463 1.4425 4.9107 9.5566 
115 71815 27582960 384.0836 4817933 1119004646 232.2582 27203 23.6906% 26.9994% 0 2301619 184 1.9375 0.4686 11.8718 5.0949 75.4215 
116 109585 756816 6.9062 4927518 1119761462 227.2465 27205 15.9387% 26.9676% 0 2301619 184 0.0283 0.4588 1.1946 5.0722 1.2965 
117 131397 136707232 1040.4137 5058915 1256468694 248.3672 29385 50.0405% 27.8389% 0 2720080 184 1.4483 0.4845 7.1963 5.1911 55.8423 
119 7666 419200 54.6830 5066581 1256887894 248.0742 29435 5.9334% 27.7907% 0 2720080 184 0.0670 0.4838 1.8623 5.1892 3.5364 
120 27336 145072 5.3070 5093917 1257032966 246.7714 29437 10.8845% 27.7843% 0 2720080 184 0.0101 0.4813 1.0000 5.1867 0.4973 
121 67651 5535968 81.8313 5161568 1262568934 244.6096 29500 6.2486% 26.8453% 0 2720080 184 0.4224 0.4805 1.3812 5.0272 16.4104 
122 7180 14004 1.9504 5168748 1262582938 244.2725 29501 6.2461% 26.8435% 0 2720080 184 0.0097 0.4799 1.0000 5.0266 0.4706 
123 253267 30694 0.1212 5422015 1262613632 232.8680 29502 1.7396% 26.7669% 0 2720080 184 0.0021 0.4576 1.0000 5.0222 0.0861 
124 39727 80736 2.0323 5461742 1262694368 231.1889 29504 6.2119% 26.7473% 0 2720080 184 0.0104 0.4543 1.0098 5.0189 0.4794 
125 19264 34603 1.7963 5481006 1262728971 230.3827 29505 12.4126% 26.7439% 0 2720080 184 0.0012 0.4527 1.0000 5.0187 0.1674 
126 3440 21500 6.2500 5484446 1262750471 230.2421 29525 1.5625% 26.7290% 0 2720080 184 0.0387 0.4525 1.2430 5.0179 2.5898 
127 63820 560080 8.7759 5548266 1263310551 227.6947 29527 16.1401% 26.7128% 0 2720080 184 0.0449 0.4478 1.2086 4.9997 1.9350 
128 97350 53408 0.5486 5645616 1263363959 223.7779 29528 2.3542% 26.6844% 0 2720080 184 0.0028 0.4401 1.0000 4.9975 0.2150 
129 389 17408 44.7506 5646005 1263381367 223.7655 30072 10.1518% 26.6787% 0 2720080 184 4.1954 0.4404 10.3291 4.9991 161.1023 
130 15588 38568512 2474.2439 5661593 1301949879 229.9617 31160 39.3730% 26.8454% 0 2733174 184 0.8027 0.4414 2.2737 4.9693 30.8225 
131 96439 776160 8.0482 5758032 1302726039 226.2450 31162 15.9518% 26.8206% 0 2733174 184 0.0401 0.4346 1.1635 4.9443 1.7584 
132 7504 443920 59.1578 5765536 1303169959 226.0275 31202 4.9240% 26.7729% 0 2733174 184 0.2212 0.4344 1.5285 4.9370 8.8017 
133 6726 498960 74.1838 5772262 1303668919 225.8506 31212 7.8036% 26.7594% 0 2733174 184 0.1799 0.4341 1.3596 4.9308 10.3907 
134 1977 1075000 543.7532 5774239 1304743919 225.9595 32212 18.8590% 26.7466% 0 2733174 184 2.6034 0.4348 6.2999 4.9330 108.5378 
135 63377 9012800 142.2093 5837616 1313756719 225.0502 32312 10.0236% 25.8233% 0 2784473 184 0.6614 0.4373 5.6009 4.9426 33.1772 
136 5627 208576 37.0670 5843243 1313965295 224.8692 32314 8.4673% 25.8214% 0 2784473 184 0.1599 0.4370 1.0000 4.9358 6.1418 
137 331 4608 13.9215 5843574 1313969903 224.8572 32458 2.7842% 25.8150% 0 2784473 184 1.3051 0.4370 3.5122 4.9354 50.1172 
138 16524 37011744 2239.8779 5860098 1350981647 230.5391 33034 21.8858% 25.7655% 0 2784473 184 2.7102 0.4435 5.6488 4.9462 104.0732 
139 46330 535360 11.5554 5906428 1351517007 228.8214 33038 10.0227% 25.7336% 0 2784473 184 0.0531 0.4404 2.6739 4.9422 2.4666 
140 1697 419200 247.0242 5908125 1351936207 228.8266 33088 4.9125% 25.7246% 0 2784473 184 0.2746 0.4403 2.4526 4.9413 11.6309 
141 2898 145072 50.0594 5911023 1352081279 228.7390 33090 10.6511% 25.7236% 0 2784473 184 0.0863 0.4402 1.1521 4.9398 3.3126 
142 14928 5535968 370.8446 5925951 1357617247 229.0969 33153 6.2432% 25.5426% 0 2784473 184 1.9114 0.4439 2.8290 4.9001 73.9370 
143 2040 14004 6.8647 5927991 1357631251 229.0205 33154 6.2362% 25.5422% 0 2784473 184 0.0343 0.4437 1.0000 4.8996 1.6565 
144 246374 30694 0.1246 6174365 1357661945 219.8869 33155 1.5928% 25.4784% 0 2784473 184 0.0022 0.4261 1.0000 4.8957 0.0885 
145 12162 80736 6.6384 6186527 1357742681 219.4677 33157 6.0144% 25.4733% 0 2784473 184 0.0316 0.4253 1.0756 4.8932 1.2124 
146 4743 34603 7.2956 6191270 1357777284 219.3051 33158 10.1745% 25.4725% 0 2784473 184 0.0051 0.4250 1.0000 4.8930 0.6801 
