1 34599 1690992 48.8740 34599 1690992 48.8740 18 3.1246% 3.1246% 0 3475 0 0.2733 0.2733 3.0983 3.0983 16.6878 
2 16433 1690992 102.9022 51032 3381984 66.2718 36 3.1245% 3.1246% 0 3475 0 0.5754 0.3706 1.5284 2.0470 35.1355 
3 8208 352000 42.8850 59240 3733984 63.0315 38 17.2927% 3.3451% 0 3475 0 0.2355 0.3519 1.0409 1.8786 9.2678 
4 28914 1319472 45.6344 88154 5053456 57.3253 56 3.1247% 3.2661% 0 4295 0 0.3237 0.3426 3.3621 2.1762 20.8455 
5 1902 21500 11.3039 90056 5074956 56.3533 76 1.5625% 3.2234% 0 4942 0 0.1367 0.3383 1.2808 2.1632 10.4984 
6 28086 559580 19.9238 118142 5634536 47.6929 78 16.3885% 3.6921% 0 4942 0 0.1033 0.2824 1.2112 2.0248 4.4503 
7 41693 52624 1.2622 159835 5687160 35.5814 79 2.5684% 3.6626% 0 4942 0 0.0077 0.2108 1.0000 2.0051 0.5416 
8 2005 17408 8.6823 161840 5704568 35.2482 623 10.5450% 4.2400% 0 6047 0 0.9342 0.2197 2.2566 2.0170 49.6806 
9 26002 38568512 1483.2902 187842 44273080 235.6932 1711 42.4734% 25.0418% 0 21319 0 0.6153 0.2745 2.5600 2.1591 38.9405 
10 39093 753120 19.2648 226935 45026200 198.4101 1713 16.0728% 24.8610% 0 21319 0 0.1232 0.2484 1.1789 2.0158 5.2571 
11 27902 562628 20.1644 254837 45588828 178.8941 1715 16.2808% 24.7423% 0 21319 0 0.1039 0.2326 1.2099 1.9522 4.4687 
12 20465 52624 2.5714 275302 45641452 165.7868 1716 2.4460% 24.6266% 0 21319 0 0.0157 0.2165 1.0000 1.9423 1.0996 
13 52277 39427168 754.1972 327579 85068620 259.6889 2806 41.9711% 30.7734% 0 35679 0 0.3333 0.2351 1.9492 1.9438 20.5967 
15 29010 1510416 52.0654 356589 86579036 242.7978 2808 46.7829% 30.9240% 0 35679 0 0.1111 0.2250 1.8787 1.9411 4.5905 
16 9160 258060 28.1725 365749 86837096 237.4227 2828 23.1997% 30.7056% 0 38249 0 0.6965 0.2369 3.4136 2.0048 30.7703 
17 27312 53088984 1943.7970 393061 139926080 355.9908 5870 56.0989% 36.9859% 0 46307 0 7.1532 0.7174 13.5034 4.8891 282.7796 
18 21312 18132480 850.8108 414373 158058560 381.4403 5910 46.5035% 37.8492% 0 64072 0 3.3108 0.8508 14.0446 5.6226 133.2973 
19 17610 562628 31.9493 431983 158621188 367.1931 5912 17.5576% 37.7832% 0 64072 0 0.1646 0.8228 1.0007 5.4185 7.0803 
20 20466 52624 2.5713 452449 158673812 350.6999 5913 2.4471% 37.7056% 0 64072 0 0.0157 0.7863 1.0000 5.3970 1.0995 
21 34197 39427168 1152.9423 486646 198100980 407.0741 7003 39.8301% 37.8569% 0 64072 0 0.3973 0.7590 2.2272 5.1285 15.8554 
23 4293 409440 95.3739 490939 198510420 404.3484 7043 5.9551% 37.3722% 0 66073 0 0.7990 0.7593 2.3704 5.0742 39.8938 
24 11099 479520 43.2039 502038 198989940 396.3643 7053 7.8101% 37.0543% 0 66073 0 0.1851 0.7467 2.8889 5.0532 9.5766 
25 22300 27557960 1235.7830 524338 226547900 432.0646 7116 24.6853% 35.6664% 0 66073 0 6.4366 0.9886 10.7874 5.9253 265.4387 
26 46494 753936 16.2158 570832 227301836 398.1939 7118 16.1654% 35.5142% 0 66073 0 0.0705 0.9139 1.1237 5.7703 3.2045 
27 88201 136706400 1549.9417 659033 364008236 552.3369 9298 53.3477% 39.4631% 0 97999 0 2.2066 1.0869 9.6224 6.4746 87.7992 
29 3615 403200 111.5353 662648 364411436 549.9321 9348 5.9897% 39.2121% 0 99561 0 0.2927 1.0825 1.9850 6.4530 17.6969 
30 10709 139680 13.0432 673357 364551116 541.3935 9350 10.6767% 39.1718% 0 99561 0 0.0515 1.0661 1.5207 6.4370 2.5029 
31 30761 5907568 192.0473 704118 370458684 526.1315 9413 6.2486% 35.4751% 0 102064 0 1.8670 1.1011 2.4189 5.7317 74.7615 
32 4274 11760 2.7515 708392 370470444 522.9738 9414 6.2409% 35.4678% 0 102064 0 0.0314 1.0947 1.0000 5.7270 1.4196 
33 164562 21724 0.1320 872954 370492168 424.4120 9415 1.6766% 35.1453% 0 102064 0 0.0035 0.8890 1.0000 5.7071 0.1407 
35 8111 33539 4.1350 881065 370610243 411.7004 9418 12.3372% 35.0713% 0 102064 0 0.0032 0.8630 1.0000 5.6803 0.3787 
36 32212 562628 17.4664 913277 371172871 398.0807 9420 22.5034% 35.0441% 0 102064 0 0.0882 0.8362 1.0004 5.5851 3.5942 
37 43097 52624 1.2211 956374 371225495 380.5478 9421 2.5553% 34.9635% 0 102064 0 0.0075 0.7996 1.0000 5.5745 0.5221 
38 49560 39427168 795.5441 1005934 410652663 400.6121 10511 38.5361% 35.1117% 0 102064 0 0.2741 0.7742 2.3340 5.4451 10.9404 
40 2440 409440 167.8033 1008374 411062103 400.0593 10551 4.9631% 34.9969% 0 102064 0 1.2721 0.7754 2.8141 5.4253 49.9830 
41 5270 479520 90.9905 1013644 411541623 398.4822 10561 7.8074% 34.9189% 0 102064 0 0.3890 0.7734 2.2803 5.4062 20.1108 
42 22290 27557960 1236.3374 1035934 439099583 416.1833 10624 24.2542% 34.3826% 0 119916 0 6.3173 0.8905 12.4855 5.9083 246.7799 
43 46490 753936 16.2172 1082424 439853519 399.3031 10626 16.1633% 34.2964% 0 119916 0 0.0706 0.8559 1.1244 5.8221 3.2048 
44 76471 136701536 1787.6259 1158895 576555055 489.4256 12806 48.1040% 35.8648% 0 120923 0 2.5129 0.9635 10.0045 6.2656 97.0211 
46 3556 403200 113.3858 1162451 576958255 488.2939 12856 5.7564% 35.7414% 0 120923 0 0.2643 0.9614 2.4934 6.2577 13.0232 
47 10735 139680 13.0116 1173186 577097935 484.0146 12858 10.4934% 35.7264% 0 120923 0 0.0490 0.9532 1.0000 6.2425 2.1463 
49 4272 11760 2.7528 1177458 583017263 475.1513 12922 6.2416% 33.5789% 0 120923 0 0.0314 0.9726 1.0000 5.7990 1.4202 
50 164535 21724 0.1320 1341993 583038987 418.9856 12923 1.6768% 33.3580% 0 120923 0 0.0035 0.8580 1.0000 5.7857 0.1407 
52 8145 33539 4.1177 1350138 583157062 411.4447 12926 12.3379% 33.3105% 0 120923 0 0.0032 0.8429 1.0000 5.7676 0.3772 
53 2194 21500 9.7995 1352332 583178562 410.8239 12946 1.5625% 33.2550% 0 120923 0 0.1076 0.8418 1.2103 5.7633 8.1211 
54 29234 559580 19.1414 1381566 583738142 402.9203 12948 16.2516% 33.2143% 0 120923 0 0.0992 0.8268 1.2140 5.7115 4.2651 
55 42041 52624 1.2517 1423607 583790766 391.5933 12949 2.5612% 33.1605% 0 120923 0 0.0077 0.8037 1.0000 5.7043 0.5352 
56 388 17408 44.8660 1423995 583808174 391.5031 13493 10.1311% 33.1326% 0 120923 0 4.2062 0.8046 10.3291 5.7078 161.5175 
57 10435 38568512 3696.0720 1434430 622376686 414.4669 14581 40.8647% 33.3710% 0 123762 0 1.1990 0.8073 2.9904 5.6548 46.0432 
58 40776 753120 18.4697 1475206 623129806 403.9980 14583 16.0887% 33.3144% 0 123762 0 0.1064 0.7888 1.1718 5.5787 4.5881 
59 2388 409440 171.4573 1477594 623539246 403.6386 14623 4.9294% 33.2376% 0 123762 0 1.2952 0.7896 3.2696 5.5687 50.3638 
60 5272 479520 90.9560 1482866 624018766 402.5751 14633 7.8074% 33.1842% 0 123762 0 0.3890 0.7882 2.2891 5.5553 20.1178 
61 1587 1075000 677.3787 1484453 625093766 402.8561 15633 17.6015% 33.1185% 0 123762 0 5.1443 0.7927 7.7901 5.5659 209.4457 
62 31122 8977800 288.4712 1515575 634071566 400.6070 15733 10.2068% 31.1300% 0 146009 0 1.3976 0.8046 5.8540 5.5753 69.6572 
63 4445 205696 46.2758 1520020 634277262 399.6147 15735 8.6510% 31.1237% 0 146009 0 0.2430 0.8030 1.0037 5.5539 9.3300 
64 331 4608 13.9215 1520351 634281870 399.5343 15879 2.7842% 31.0981% 0 146009 0 1.3051 0.8031 3.5122 5.5528 50.1172 
65 20921 37011744 1769.1193 1541272 671293614 417.3481 16455 22.4546% 30.6143% 0 154113 0 2.2477 0.8219 6.7148 5.5872 98.6458 
66 19960 528960 26.5010 1561232 671822574 412.5575 16459 9.9776% 30.5578% 0 154113 0 0.1331 0.8135 2.2936 5.5711 6.0794 
67 1569 403200 256.9790 1562801 672225774 412.4077 16509 4.7469% 30.5261% 0 154113 0 0.5570 0.8132 4.0276 5.5697 23.1526 
68 5363 139680 26.0451 1568164 672365454 411.1407 16511 10.6559% 30.5190% 0 154113 0 0.1027 0.8109 1.1649 5.5610 4.9835 
70 2276 11760 5.1670 1570440 678284782 410.6927 16575 6.2328% 29.8673% 0 154113 0 0.0589 0.8373 1.0000 5.5207 2.6657 
71 162309 21724 0.1338 1732749 678306506 373.9550 16576 1.6097% 29.7153% 0 154113 0 0.0035 0.7627 1.0000 5.5104 0.1427 
73 4032 33539 8.3182 1736781 678424581 371.2757 16579 11.4559% 29.6982% 0 154113 0 0.0064 0.7575 1.0000 5.4983 0.7619 
74 41157 1739952 42.2760 1777938 680164533 364.0286 16597 3.1250% 29.0625% 0 157708 0 0.1548 0.7443 2.2798 5.4630 11.1850 
75 18878 1739952 92.1682 1796816 681904485 361.3093 16615 3.1248% 28.7836% 0 157708 0 0.3375 0.7402 1.2268 5.3783 24.3850 
76 9040 389440 43.0796 1805856 682293925 359.7923 16617 17.2313% 28.7777% 0 157708 0 0.1076 0.7372 1.0318 5.3626 4.3370 
77 35061 1354032 38.6193 1840917 683647957 353.9620 16635 3.1248% 28.2712% 0 159058 0 0.1828 0.7271 2.4163 5.3329 13.8788 
78 1577 21500 13.6335 1842494 683669457 353.6844 16655 1.5625% 28.2454% 0 159586 0 0.1015 0.7266 1.1348 5.3306 8.2790 
79 29067 560080 19.2686 1871561 684229537 348.7302 16657 16.4405% 28.2246% 0 159586 0 0.0987 0.7173 1.2028 5.2936 4.2592 
80 43642 53408 1.2238 1915203 684282945 341.1688 16658 2.3597% 28.1894% 0 159586 0 0.0063 0.7018 1.0000 5.2892 0.4795 
81 385 17408 45.2156 1915588 684300353 341.1120 17202 10.2090% 28.1733% 0 159586 0 4.2390 0.7025 10.4615 5.2922 162.7761 
82 10232 38568512 3769.4011 1925820 722868865 358.5092 18290 41.0802% 28.4679% 0 161741 0 1.2228 0.7052 3.1732 5.2613 46.9567 
83 41496 776160 18.7045 1967316 723645025 351.6570 18292 15.9795% 28.4365% 0 161741 0 0.0989 0.6929 1.0979 5.2045 4.3086 
84 27756 563128 20.2885 1995072 724208153 347.2469 18294 16.1187% 28.4162% 0 161741 0 0.1033 0.6851 1.2128 5.1703 4.4438 
85 21539 53408 2.4796 2016611 724261561 343.7227 18295 2.3270% 28.3992% 0 161741 0 0.0128 0.6782 1.0000 5.1662 0.9716 
86 34644 39450208 1138.7313 2051255 763711769 356.5824 19385 39.7131% 28.6386% 0 161741 0 0.3854 0.6735 2.2642 5.1056 15.4114 
88 29391 1511200 51.4171 2080646 765222969 352.4514 19387 46.7754% 28.6701% 0 161741 0 0.1080 0.6658 1.7856 5.0848 4.4670 
89 8768 258560 29.4891 2089414 765481529 351.1523 19407 22.5915% 28.6393% 0 164492 0 0.7242 0.6660 3.5258 5.0750 32.0146 
90 17080 53088984 3108.2544 2106494 818570513 372.5868 22449 53.6765% 29.5705% 0 165272 0 11.3361 0.7490 16.6312 5.5269 435.3072 
91 21900 19529280 891.7479 2128394 838099793 377.7108 22489 46.3867% 29.9723% 0 183986 0 3.1909 0.7731 14.2962 5.6685 128.5260 
92 17632 563128 31.9378 2146026 838662921 374.9848 22491 17.5380% 29.9619% 0 183986 0 0.1627 0.7683 1.0021 5.6248 7.0040 
93 21538 53408 2.4797 2167564 838716329 371.4318 22492 2.3258% 29.9454% 0 183986 0 0.0128 0.7611 1.0000 5.6207 0.9717 
94 34597 39450208 1140.2783 2202161 878166537 383.0339 23582 39.6936% 30.1341% 0 183986 0 0.3790 0.7553 2.3228 5.5609 15.1660 
96 5625 443920 78.9191 2207786 878610457 382.2896 23622 5.5472% 30.0089% 0 186131 0 0.3556 0.7543 1.4035 5.5419 21.0261 
97 12912 498960 38.6431 2220698 879109417 380.3698 23632 7.8105% 29.9319% 0 186131 0 0.0980 0.7507 1.8981 5.5342 6.0431 
98 22258 27582960 1239.2380 2242956 906692377 388.5622 23695 24.6811% 29.7553% 0 186131 0 6.3811 0.8044 10.7354 5.7448 263.3034 
99 47152 756816 16.0506 2290108 907449193 381.1840 23697 16.0503% 29.7223% 0 186131 0 0.0657 0.7897 1.1955 5.7090 3.0132 
100 75850 136708576 1802.3544 2365958 1044157769 425.0666 25877 48.1300% 30.8315% 0 187084 0 2.5332 0.8436 10.0921 5.9485 97.7972 
102 3529 419200 118.7872 2369487 1044576969 424.6272 25927 5.8070% 30.7629% 0 188597 0 0.1819 0.8426 1.3602 5.9423 13.2534 
103 11223 145072 12.9263 2380710 1044722041 422.7575 25929 10.4726% 30.7559% 0 188597 0 0.0247 0.8389 1.0036 5.9384 1.2112 
105 3673 14004 3.8127 2384383 1050272013 419.3838 25993 6.2423% 29.7073% 0 191002 0 0.0191 0.8396 1.0000 5.7317 0.9200 
106 247833 30694 0.1238 2632216 1050302707 381.6292 25994 1.6375% 29.5466% 0 191002 0 0.0022 0.7642 1.0000 5.7247 0.0880 
108 8371 34603 4.1337 2640587 1050418046 378.0281 25997 12.2989% 29.5237% 0 191002 0 0.0029 0.7570 1.0000 5.7193 0.3853 
109 10859 563128 51.8582 2651446 1050981174 376.7584 25999 18.9023% 29.5197% 0 191002 0 0.2534 0.7551 1.0000 5.6842 9.7317 
110 44450 53408 1.2015 2695896 1051034582 370.8680 26000 2.3484% 29.4919% 0 191002 0 0.0062 0.7433 1.0000 5.6807 0.4708 
111 50832 39450208 776.0900 2746728 1090484790 378.0081 27090 38.3423% 29.6436% 0 191002 0 0.2579 0.7348 2.2999 5.6296 10.3222 
113 3859 443920 115.0350 2750587 1090928710 377.6569 27130 4.7674% 29.5884% 0 191002 0 0.4348 0.7344 1.6150 5.6185 17.8318 
114 6708 498960 74.3828 2757295 1091427670 376.9543 27140 7.8010% 29.5606% 0 191002 0 0.1755 0.7331 1.4549 5.6096 9.7546 
115 36694 27582960 751.7022 2793989 1119010630 381.6441 27203 23.7747% 29.4117% 0 197409 0 3.7886 0.7713 11.6413 5.7942 147.1159 
116 48873 756816 15.4854 2842862 1119767446 375.6409 27205 16.0328% 29.3834% 0 197409 0 0.0634 0.7597 1.1937 5.7637 2.9071 
117 75985 136707680 1799.1404 2918847 1256475126 411.0242 29385 48.1299% 30.3490% 0 198479 0 2.5313 0.8037 9.9269 5.9594 97.7246 
119 3462 419200 121.0861 2922309 1256894326 410.6962 29435 5.5800% 30.3071% 0 198479 0 0.1462 0.8030 2.0079 5.9570 7.4759 
120 11097 145072 13.0731 2933406 1257039398 409.2596 29437 10.6567% 30.2981% 0 198479 0 0.0272 0.8002 1.4450 5.9547 1.5710 
122 3580 14004 3.9117 2936986 1262589370 406.7063 29501 6.2421% 29.5010% 0 198479 0 0.0196 0.8010 1.0000 5.7826 0.9439 
123 247741 30694 0.1239 3184727 1262620064 376.6580 29502 1.6376% 29.3631% 0 198479 0 0.0022 0.7419 1.0000 5.7766 0.0880 
125 8375 34603 4.1317 3193102 1262735403 373.9209 29505 12.2990% 29.3450% 0 198479 0 0.0029 0.7366 1.0000 5.7722 0.3851 
126 1572 21500 13.6768 3194674 1262756903 373.7533 29525 1.5625% 29.3320% 0 198479 0 0.0846 0.7363 1.3434 5.7711 5.6672 
127 28465 560080 19.6761 3223139 1263316983 370.7951 29527 16.2751% 29.3175% 0 198479 0 0.1008 0.7310 1.2071 5.7461 4.3385 
128 43985 53408 1.2142 3267124 1263370391 366.0846 29528 2.3535% 29.2939% 0 198479 0 0.0063 0.7217 1.0000 5.7431 0.4758 
129 384 17408 45.3333 3267508 1263387799 366.0489 30072 10.1799% 29.2829% 0 198479 0 4.2500 0.7221 10.4615 5.7448 163.2000 
130 10465 38568512 3685.4766 3277973 1301956311 376.0833 31160 40.8658% 29.4577% 0 201966 0 1.1956 0.7236 3.0310 5.7192 45.9112 
131 42326 776160 18.3377 3320299 1302732471 371.7622 31162 15.9725% 29.4354% 0 201966 0 0.0913 0.7159 1.1059 5.6827 4.0064 
132 3907 443920 113.6217 3324206 1303176391 371.4747 31202 4.7522% 29.3881% 0 201966 0 0.4315 0.7156 1.8386 5.6747 17.9272 
133 6734 498960 74.0956 3330940 1303675351 370.9050 31212 7.8091% 29.3599% 0 201966 0 0.1877 0.7146 1.4299 5.6663 11.5645 
134 1361 1075000 789.8604 3332301 1304750351 371.0671 32212 18.7207% 29.3410% 0 201966 0 3.7818 0.7158 6.7281 5.6681 157.6629 
135 31163 9012800 289.2148 3363464 1313763151 370.3481 32312 10.0562% 28.4814% 0 221065 0 1.3451 0.7213 5.6076 5.6671 67.4732 
136 5052 208576 41.2858 3368516 1313971727 369.8801 32314 8.5650% 28.4781% 0 221065 0 0.1781 0.7205 1.0000 5.6578 6.8409 
137 331 4608 13.9215 3368847 1313976335 369.8470 32458 2.7842% 28.4663% 0 221065 0 1.3051 0.7206 3.5122 5.6572 50.1172 
138 11765 37011744 3145.9197 3380612 1350988079 379.0096 33034 21.9824% 28.3679% 0 221065 0 3.8065 0.7308 7.3743 5.6800 146.1713 
139 20947 535360 25.5578 3401559 1351523439 376.9447 33038 10.0250% 28.3399% 0 221065 0 0.1174 0.7272 2.6566 5.6739 5.4556 
140 1706 419200 245.7210 3403265 1351942639 376.8823 33088 4.9717% 28.3221% 0 221065 0 0.2825 0.7270 2.2844 5.6723 13.0101 
141 6285 145072 23.0823 3409550 1352087711 376.2635 33090 10.6683% 28.3182% 0 221065 0 0.0484 0.7258 1.2936 5.6701 2.7983 
142 13415 5535968 412.6700 3422965 1357623679 376.3989 33153 6.2456% 27.9913% 0 221065 0 2.1217 0.7310 2.8173 5.6088 81.4744 
143 2040 14004 6.8647 3425005 1357637683 376.1900 33154 6.2362% 27.9905% 0 221065 0 0.0343 0.7306 1.0000 5.6081 1.6565 
144 245773 30694 0.1249 3670778 1357668377 352.2122 33155 1.5929% 27.8742% 0 221065 0 0.0022 0.6842 1.0000 5.6028 0.0887 
146 4137 34603 8.3643 3674915 1357783716 351.0306 33158 11.4234% 27.8659% 0 221065 0 0.0058 0.6819 1.0000 5.5992 0.7797 
