1 168760 120043008 711.3238 168760 120043008 711.3238 144 22.5012% 22.5012% 0 178521 1145 0.8192 0.8192 4.2122 4.2122 44.6929 
2 30067 120043008 3992.5171 198827 240086016 1207.5121 288 21.9275% 22.4221% 0 178521 1145 3.9464 1.2921 13.7238 6.1953 151.5412 
3 12974 5425664 418.1952 211801 245511680 1159.1620 307 24.0892% 22.4468% 0 178521 1145 2.3703 1.3582 6.1040 6.1854 92.3329 
4 75176 21111552 280.8283 286977 266623232 929.0753 595 11.2397% 19.3750% 0 237831 1145 1.7013 1.4481 8.2126 6.6939 84.7828 
5 4315 21500 4.9826 291292 266644732 915.3864 615 1.5625% 19.3056% 0 240896 1145 0.0556 1.4274 1.1940 6.6762 4.2716 
6 62486 559580 8.9553 353778 267204312 755.2881 617 16.1995% 19.2882% 0 240896 1145 0.0464 1.1835 1.2104 6.4738 1.9954 
7 102406 638720 6.2371 456184 267843032 587.1382 618 24.9854% 19.3145% 0 240896 1145 0.0374 0.9262 1.0000 6.1675 1.5374 
8 3780 17408 4.6053 459964 267860440 582.3509 1162 10.5834% 19.2037% 0 243798 1145 0.4952 0.9227 2.1057 6.1155 26.3314 
9 60326 38802432 643.2124 520290 306662872 589.4076 2250 42.2430% 23.2140% 0 293577 1145 1.6685 1.0092 8.6200 6.4762 70.3353 
10 102960 11896320 115.5431 623250 318559192 511.1259 2270 24.9989% 23.3395% 0 409316 1145 0.7382 0.9644 8.0127 6.6371 30.3142 
11 61902 562628 9.0890 685152 319121820 465.7679 2272 16.2101% 23.3098% 0 409316 1145 0.0469 0.8815 1.2318 6.5001 2.0192 
12 27862 639744 22.9612 713014 319761564 448.4646 2273 24.9462% 23.3113% 0 409316 1145 0.1376 0.8524 1.0000 6.2822 5.6507 
13 82218 50733568 617.0616 795232 370495132 465.8957 3381 40.5878% 25.6679% 0 573793 1145 2.0991 0.9813 7.4470 6.5073 86.5352 
15 56838 1569216 27.6086 852070 372064348 436.6594 3383 46.8309% 25.7383% 0 573793 1145 0.0826 0.9214 1.8874 6.4135 3.3415 
16 19616 258060 13.1556 871686 372322408 427.1290 3403 22.5970% 25.7038% 0 586359 1145 0.3252 0.9080 3.4320 6.3689 14.3687 
17 44652 53088984 1188.9497 916338 425411392 464.2516 6445 55.5466% 28.4593% 0 651711 1145 4.3737 1.0768 11.9403 7.0169 172.6977 
18 42963 21242880 494.4459 959301 446654272 465.6039 6485 46.5875% 29.2408% 0 869239 1145 2.2838 1.1309 11.6477 7.2786 90.8093 
19 32627 562628 17.2442 991928 447216900 450.8562 6487 16.3760% 29.2204% 0 869239 1145 0.0889 1.0966 1.2037 7.1819 3.8309 
20 99236 639744 6.4467 1091164 447856644 410.4394 6488 24.9854% 29.2098% 0 869239 1145 0.0386 1.0004 1.0000 7.0293 1.5865 
21 82709 50733568 613.3984 1173873 498590212 424.7395 7596 31.4993% 29.3286% 0 892522 1145 1.9618 1.0681 9.0027 7.2345 77.5382 
23 11394 4136960 363.0823 1185267 502727172 424.1468 7916 24.9658% 29.2375% 0 902291 1145 4.1215 1.0975 11.3981 7.3312 165.5440 
24 28571 7672320 268.5352 1213838 510399492 420.4840 8076 15.6182% 28.5558% 0 926113 1145 1.0780 1.0970 6.7916 7.3178 49.0299 
25 23380 27557960 1178.6980 1237218 537957452 434.8122 8139 24.7525% 28.4456% 0 926113 1145 6.1368 1.1923 10.4288 7.5365 252.7962 
26 114481 11905280 103.9935 1351699 549862732 406.7938 8159 24.9834% 28.2838% 0 1003834 1145 0.4479 1.1292 8.1708 7.5562 19.2132 
27 192418 160737344 835.3550 1544117 710600076 460.1983 10385 39.2979% 30.3906% 0 2372915 1145 3.6528 1.4437 10.4064 8.2704 143.9917 
29 10096 2074400 205.4675 1554213 712674476 458.5436 10585 15.4865% 30.1989% 0 2383344 1145 1.6680 1.4452 6.5449 8.2540 71.3534 
30 2310 2234880 967.4805 1556523 714909356 459.2990 10617 10.6147% 30.1756% 0 2383344 1145 3.4632 1.4482 12.9241 8.2646 132.9870 
31 66341 5907568 89.0485 1622864 720816924 444.1635 10680 6.2497% 28.6536% 0 2392690 1145 0.8657 1.4243 1.8768 7.6202 34.6654 
32 14685 5907568 402.2859 1637549 726724492 443.7879 10743 6.2210% 28.3651% 0 2392690 1145 3.8744 1.4463 4.5645 7.4996 150.5118 
33 13733 5907568 430.1732 1651282 732632060 443.6747 10806 6.2442% 28.0868% 0 2392690 1145 4.1224 1.4686 4.6710 7.3951 158.3004 
34 13722 5907568 430.5180 1665004 738539628 443.5663 10869 6.2281% 27.8166% 0 2392690 1145 4.1302 1.4905 4.6924 7.2991 158.6008 
35 13596 5907568 434.5078 1678600 744447196 443.4929 10932 6.2440% 27.5549% 0 2392690 1145 4.1639 1.5122 4.7052 7.2104 159.8955 
36 13683 5907568 431.7451 1692283 750354764 443.3979 10995 6.2089% 27.2991% 0 2392690 1145 4.1420 1.5334 4.7598 7.1302 159.0528 
37 13609 5907568 434.0927 1705892 756262332 443.3237 11058 6.2441% 27.0498% 0 2392690 1145 4.1600 1.5544 4.7130 7.0530 159.7428 
38 13677 5907568 431.9345 1719569 762169900 443.2331 11121 6.2173% 26.8042% 0 2392690 1145 4.1438 1.5750 4.6816 6.9790 159.1226 
39 13664 5907568 432.3454 1733233 768077468 443.1472 11184 6.2442% 26.5649% 0 2392690 1145 4.1432 1.5952 4.6807 6.9096 159.0998 
40 13704 5907568 431.0835 1746937 773985036 443.0526 11247 6.2271% 26.3304% 0 2392690 1145 4.1357 1.6151 4.6819 6.8441 158.8091 
41 13700 5907568 431.2094 1760637 779892604 442.9605 11310 6.2442% 26.1019% 0 2392690 1145 4.1323 1.6347 4.6745 6.7822 158.6817 
42 13623 5907568 433.6466 1774260 785800172 442.8890 11373 6.2153% 25.8798% 0 2392690 1145 4.1602 1.6541 4.8222 6.7294 159.7534 
43 13785 5907568 428.5504 1788045 791707740 442.7784 11436 6.2442% 25.6599% 0 2392690 1145 4.1069 1.6730 4.6683 6.6736 157.7032 
44 13670 5907568 432.1557 1801715 797615308 442.6978 11499 6.2072% 25.4470% 0 2392690 1145 4.1459 1.6918 4.8160 6.6261 159.2041 
45 13723 5907568 430.4866 1815438 803522876 442.6055 11562 6.2442% 25.2376% 0 2392690 1145 4.1254 1.7102 4.6853 6.5765 158.4157 
46 13519 5907568 436.9826 1828957 809430444 442.5640 11625 6.2163% 25.0353% 0 2392690 1145 4.1922 1.7285 4.7166 6.5303 160.9823 
47 8068 188160 23.3218 1837025 809618604 440.7227 11641 6.2488% 25.0045% 0 2392690 1145 0.2786 1.7222 4.4515 6.5281 12.2987 
48 182599 347584 1.9035 2019624 809966188 401.0480 11657 1.8220% 24.1989% 0 2392690 1145 0.0502 1.5710 1.0119 6.4269 2.0289 
49 40411 84536 2.0919 2060035 810050724 393.2218 11659 6.1759% 24.1810% 0 2392690 1145 0.0188 1.5406 1.0202 6.4188 0.7203 
50 8652 84536 9.7707 2068687 810135260 391.6181 11661 5.6948% 24.1771% 0 2392690 1145 0.0877 1.5345 1.1145 6.4115 3.3687 
51 8667 84536 9.7538 2077354 810219796 390.0249 11663 5.7644% 24.1732% 0 2392690 1145 0.0876 1.5284 1.0705 6.4038 3.3628 
52 8675 84536 9.7448 2086029 810304332 388.4435 11665 5.8336% 24.1693% 0 2392690 1145 0.0875 1.5225 1.1311 6.3967 3.3597 
53 8707 84536 9.7090 2094736 810388868 386.8692 11667 5.9065% 24.1654% 0 2392690 1145 0.0871 1.5165 1.0706 6.3891 3.3430 
54 8669 84536 9.7515 2103405 810473404 385.3150 11669 5.6932% 24.1614% 0 2392690 1145 0.0876 1.5106 1.0705 6.3816 3.3620 
55 8656 84536 9.7662 2112061 810557940 383.7758 11671 5.7624% 24.1575% 0 2392690 1145 0.0877 1.5048 1.1278 6.3745 3.3671 
56 8672 84536 9.7482 2120733 810642476 382.2464 11673 5.8344% 24.1536% 0 2392690 1145 0.0875 1.4990 1.0705 6.3669 3.3609 
57 8714 84536 9.7012 2129447 810727012 380.7219 11675 5.9062% 24.1497% 0 2392690 1145 0.0870 1.4932 1.0616 6.3594 3.3403 
58 8662 84536 9.7594 2138109 810811548 379.2190 11677 5.6924% 24.1458% 0 2392690 1145 0.0876 1.4875 1.1162 6.3522 3.3648 
59 8656 84536 9.7662 2146765 810896084 377.7293 11679 5.7626% 24.1419% 0 2392690 1145 0.0877 1.4819 1.1195 6.3452 3.3671 
60 8671 84536 9.7493 2155436 810980620 376.2490 11681 5.8346% 24.1380% 0 2392690 1145 0.0875 1.4762 1.0705 6.3377 3.3613 
61 8708 84536 9.7079 2164144 811065156 374.7741 11683 5.9062% 24.1341% 0 2392690 1145 0.0870 1.4707 1.0706 6.3303 3.3426 
62 8668 84536 9.7527 2172812 811149692 373.3179 11685 5.6942% 24.1301% 0 2392690 1145 0.0876 1.4651 1.0705 6.3229 3.3624 
63 8654 84536 9.7684 2181466 811234228 371.8757 11687 5.7624% 24.1262% 0 2392690 1145 0.0877 1.4597 1.1379 6.3160 3.3679 
64 8675 84536 9.7448 2190141 811318764 370.4413 11689 5.8352% 24.1223% 0 2392690 1145 0.0875 1.4542 1.1228 6.3091 3.3597 
65 18235 536624 29.4282 2208376 811855388 367.6255 11705 12.4340% 24.0807% 0 2392690 1145 0.0237 1.4424 1.0410 6.3047 2.8302 
66 11543 562628 48.7419 2219919 812418016 365.9674 11707 18.7097% 24.0796% 0 2392690 1145 0.2411 1.4362 1.0000 6.2757 9.2582 
67 103424 639744 6.1856 2323343 813057760 349.9517 11708 24.9861% 24.0807% 0 2392690 1145 0.0371 1.3739 1.0000 6.2362 1.5223 
68 116113 50733568 436.9327 2439456 863791328 354.0918 12816 32.6746% 24.2694% 0 2425420 1145 1.3891 1.3746 9.0428 6.3307 53.9511 
70 4556 4136960 908.0246 2444012 867928288 355.1244 13136 20.7201% 24.2555% 0 2427929 1145 10.1493 1.3910 14.8873 6.3806 389.7313 
71 3215 7672320 2386.4136 2447227 875600608 357.7930 13296 15.4719% 24.2295% 0 2427929 1145 8.9580 1.4009 16.0625 6.4130 343.9876 
72 71233 27557960 386.8707 2518460 903158568 358.6154 13359 24.2580% 24.2300% 0 2431598 1145 1.9737 1.4171 12.6475 6.5400 76.7429 
73 114623 11905280 103.8647 2633083 915063848 347.5256 13379 24.9111% 24.2410% 0 2432946 1145 0.4395 1.3746 6.1808 6.5347 17.9834 
74 156516 160737408 1026.9711 2789599 1075801256 385.6472 15605 40.6272% 25.2812% 0 3357276 1145 4.4530 1.5473 11.0261 6.9948 171.8824 
76 5538 2074400 374.5757 2795137 1077875656 385.6254 15805 13.5004% 25.2377% 0 3360462 1145 2.9252 1.5500 7.2289 6.9957 112.3294 
77 2313 2234880 966.2257 2797450 1080110536 386.1054 15837 10.6093% 25.2263% 0 3360462 1145 3.4587 1.5516 12.7796 7.0015 132.8145 
78 56763 5907568 104.0743 2854213 1086018104 380.4965 15900 6.2486% 24.5350% 0 3360462 1145 0.9974 1.5406 1.7305 6.7373 38.2985 
79 13526 5907568 436.7565 2867739 1091925672 380.7619 15963 6.2251% 24.3792% 0 3360462 1145 4.1901 1.5531 4.6998 6.7003 160.8990 
80 13793 5907568 428.3019 2881532 1097833240 380.9894 16026 6.2441% 24.2231% 0 3360462 1145 4.1045 1.5653 4.6423 6.6633 157.6118 
81 13564 5907568 435.5329 2895096 1103740808 381.2450 16089 6.2211% 24.0724% 0 3360462 1145 4.1783 1.5775 4.7391 6.6299 160.4482 
82 13723 5907568 430.4866 2908819 1109648376 381.4773 16152 6.2440% 23.9230% 0 3360462 1145 4.1254 1.5895 4.6668 6.5959 158.4157 
83 13625 5907568 433.5830 2922444 1115555944 381.7202 16215 6.2159% 23.7768% 0 3360462 1145 4.1596 1.6015 4.6893 6.5636 159.7299 
84 13689 5907568 431.5558 2936133 1121463512 381.9526 16278 6.2441% 23.6324% 0 3360462 1145 4.1357 1.6133 4.6846 6.5323 158.8092 
85 13622 5907568 433.6785 2949755 1127371080 382.1914 16341 6.2239% 23.4908% 0 3360462 1145 4.1605 1.6251 4.6777 6.5018 159.7651 
86 13692 5907568 431.4613 2963447 1133278648 382.4190 16404 6.2442% 23.3510% 0 3360462 1145 4.1348 1.6367 4.6954 6.4727 158.7744 
87 13629 5907568 433.4557 2977076 1139186216 382.6527 16467 6.2164% 23.2144% 0 3360462 1145 4.1584 1.6482 4.7186 6.4450 159.6830 
88 13721 5907568 430.5494 2990797 1145093784 382.8724 16530 6.2442% 23.0786% 0 3360462 1145 4.1260 1.6596 4.6680 6.4172 158.4388 
89 13700 5907568 431.2094 3004497 1151001352 383.0929 16593 6.2183% 22.9460% 0 3360462 1145 4.1369 1.6709 4.7316 6.3915 158.8555 
90 13737 5907568 430.0479 3018234 1156908920 383.3066 16656 6.2442% 22.8142% 0 3360462 1145 4.1212 1.6821 4.6676 6.3653 158.2543 
91 13599 5907568 434.4120 3031833 1162816488 383.5358 16719 6.2222% 22.6858% 0 3360462 1145 4.1676 1.6932 4.7257 6.3410 160.0353 
92 13678 5907568 431.9029 3045511 1168724056 383.7531 16782 6.2440% 22.5589% 0 3360462 1145 4.1390 1.7042 4.7076 6.3171 158.9369 
93 13522 5907568 436.8857 3059033 1174631624 383.9879 16845 6.2171% 22.4350% 0 3360462 1145 4.1913 1.7152 4.7359 6.2944 160.9466 
94 8089 188160 23.2612 3067122 1174819784 383.0366 16861 6.1273% 22.4257% 0 3360462 1145 0.2693 1.7114 3.5300 6.2923 10.9375 
95 182576 347584 1.9038 3249698 1175167368 361.6236 16877 1.7163% 21.9172% 0 3360462 1145 0.0498 1.6180 1.1741 6.2452 1.9703 
96 40593 84536 2.0825 3290291 1175251904 357.1878 16879 6.1743% 21.9059% 0 3360462 1145 0.0187 1.5983 1.0426 6.2407 0.7170 
97 8670 84536 9.7504 3298961 1175336440 356.2747 16881 5.6938% 21.9034% 0 3360462 1145 0.0875 1.5943 1.0705 6.2364 3.3617 
98 8654 84536 9.7684 3307615 1175420976 355.3681 16883 5.7626% 21.9009% 0 3360462 1145 0.0877 1.5904 1.1379 6.2323 3.3679 
99 8655 84536 9.7673 3316270 1175505512 354.4662 16885 5.8341% 21.8985% 0 3360462 1145 0.0877 1.5865 1.0937 6.2281 3.3675 
100 8711 84536 9.7045 3324981 1175590048 353.5629 16887 5.9063% 21.8960% 0 3360462 1145 0.0870 1.5825 1.0706 6.2238 3.3414 
101 8668 84536 9.7527 3333649 1175674584 352.6690 16889 5.6939% 21.8935% 0 3360462 1145 0.0876 1.5786 1.0705 6.2195 3.3624 
102 8707 84536 9.7090 3342356 1175759120 351.7755 16891 5.7484% 21.8910% 0 3360462 1145 0.0872 1.5748 1.1311 6.2155 3.3474 
103 8669 84536 9.7515 3351025 1175843656 350.8907 16893 5.8344% 21.8885% 0 3360462 1145 0.0876 1.5709 1.0736 6.2112 3.3620 
104 8690 84536 9.7280 3359715 1175928192 350.0083 16895 5.9055% 21.8861% 0 3360462 1145 0.0872 1.5671 1.0970 6.2070 3.3495 
105 8655 84536 9.7673 3368370 1176012728 349.1341 16897 5.6925% 21.8836% 0 3360462 1145 0.0877 1.5633 1.1244 6.2030 3.3675 
106 8659 84536 9.7628 3377029 1176097264 348.2639 16899 5.7641% 21.8811% 0 3360462 1145 0.0877 1.5595 1.1145 6.1989 3.3659 
107 8669 84536 9.7515 3385698 1176181800 347.3971 16901 5.8344% 21.8787% 0 3360462 1145 0.0876 1.5557 1.0736 6.1946 3.3620 
108 8711 84536 9.7045 3394409 1176266336 346.5305 16903 5.8980% 21.8762% 0 3360462 1145 0.0870 1.5519 1.0706 6.1904 3.3414 
109 8670 84536 9.7504 3403079 1176350872 345.6725 16905 5.6916% 21.8737% 0 3360462 1145 0.0875 1.5482 1.0766 6.1861 3.3617 
110 8667 84536 9.7538 3411746 1176435408 344.8192 16907 5.7635% 21.8712% 0 3360462 1145 0.0876 1.5445 1.0736 6.1819 3.3628 
111 8671 84536 9.7493 3420417 1176519944 343.9697 16909 5.8346% 21.8688% 0 3360462 1145 0.0875 1.5408 1.0705 6.1776 3.3613 
112 18478 536624 29.0412 3438895 1177056568 342.2775 16925 12.1143% 21.8515% 0 3360462 1145 0.0172 1.5326 1.0780 6.1759 1.8454 
113 5200 21500 4.1346 3444095 1177078068 341.7670 16945 1.5625% 21.8391% 0 3360462 1145 0.0392 1.5304 1.4676 6.1751 2.4812 
114 63369 559580 8.8305 3507464 1177637648 335.7519 16947 16.0206% 21.8327% 0 3360462 1145 0.0457 1.5035 1.2126 6.1613 1.9628 
115 104125 638720 6.1342 3611589 1178276368 326.2487 16948 24.9860% 21.8356% 0 3360462 1145 0.0368 1.4613 1.0000 6.1382 1.5120 
116 386 17408 45.0984 3611975 1178293776 326.2187 17492 10.2009% 21.8326% 0 3360462 1145 4.2280 1.4616 10.4615 6.1390 162.3544 
117 19225 38802432 2018.3319 3631200 1217096208 335.1774 18580 38.7839% 22.0330% 0 3372729 1145 5.0651 1.4806 7.7572 6.1623 194.4987 
118 103406 11896320 115.0448 3734606 1228992528 329.0822 18600 24.8708% 22.0477% 0 3480212 1145 0.6462 1.4575 5.8638 6.1585 25.1093 
119 4461 4136960 927.3616 3739067 1233129488 329.7960 18920 20.0881% 22.0422% 0 3482714 1145 10.3654 1.4682 15.0570 6.1893 398.0309 
120 3220 7672320 2382.7080 3742287 1240801808 331.5624 19080 15.4723% 22.0280% 0 3482714 1145 8.9441 1.4746 15.8155 6.2090 343.4534 
121 2210 1075000 486.4254 3744497 1241876808 331.6539 20080 18.4225% 22.0232% 0 3482714 1145 3.7086 1.4759 6.5359 6.2095 152.6270 
122 60373 8977800 148.7056 3804870 1250854608 328.7509 20180 10.1499% 21.5583% 0 3531723 1145 0.7178 1.4639 6.1078 6.2086 35.5009 
123 4641 3291136 709.1437 3809511 1254145744 329.2144 20212 8.7069% 21.5451% 0 3531723 1145 3.7233 1.4666 12.0755 6.2180 142.9761 
124 331 4608 13.9215 3809842 1254150352 329.1870 20356 2.7863% 21.5412% 0 3531723 1145 1.3051 1.4666 3.5410 6.2176 50.1172 
125 48966 37269504 761.1302 3858808 1291419856 334.6681 20932 22.3711% 21.5666% 0 3558813 1145 3.1218 1.4876 10.6097 6.2869 125.1486 
126 49178 8384000 170.4827 3907986 1299803856 332.6020 20982 12.4968% 21.3918% 0 3664012 1145 0.7585 1.4784 7.1855 6.2920 34.0445 
127 5497 2074400 377.3695 3913483 1301878256 332.6649 21182 13.6034% 21.3716% 0 3666561 1145 2.9471 1.4805 6.8297 6.2934 113.1672 
128 2330 2234880 959.1760 3915813 1304113136 333.0377 21214 10.6174% 21.3654% 0 3666561 1145 3.4335 1.4817 12.0301 6.2975 131.8455 
129 57520 5907568 102.7046 3973333 1310020704 329.7032 21277 6.2486% 20.9519% 0 3666561 1145 0.9842 1.4745 1.7993 6.1490 37.7945 
130 13658 5907568 432.5354 3986991 1315928272 330.0555 21340 6.2238% 20.8580% 0 3666561 1145 4.1496 1.4836 4.6738 6.1305 159.3440 
131 13843 5907568 426.7549 4000834 1321835840 330.3900 21403 6.2443% 20.7643% 0 3666561 1145 4.0896 1.4927 4.6117 6.1114 157.0425 
132 13755 5907568 429.4851 4014589 1327743408 330.7296 21466 6.2236% 20.6725% 0 3666561 1145 4.1203 1.5017 4.7010 6.0942 158.2203 
133 13628 5907568 433.4875 4028217 1333650976 331.0772 21529 6.2441% 20.5823% 0 3666561 1145 4.1542 1.5106 4.6873 6.0772 159.5200 
134 13880 5907568 425.6173 4042097 1339558544 331.4019 21592 6.2154% 20.4919% 0 3666561 1145 4.0832 1.5195 4.6539 6.0601 156.7954 
135 13736 5907568 430.0792 4055833 1345466112 331.7361 21655 6.2442% 20.4037% 0 3666561 1145 4.1215 1.5283 4.6826 6.0439 158.2658 
136 13550 5907568 435.9829 4069383 1351373680 332.0832 21718 6.2221% 20.3176% 0 3666561 1145 4.1827 1.5371 4.7292 6.0287 160.6140 
137 13754 5907568 429.5164 4083137 1357281248 332.4114 21781 6.2442% 20.2313% 0 3666561 1145 4.1161 1.5458 4.6480 6.0127 158.0587 
138 13698 5907568 431.2723 4096835 1363188816 332.7419 21844 6.2200% 20.1462% 0 3666561 1145 4.1375 1.5545 4.7166 5.9980 158.8787 
139 13592 5907568 434.6357 4110427 1369096384 333.0789 21907 6.2441% 20.0630% 0 3666561 1145 4.1652 1.5631 4.7005 5.9834 159.9426 
140 13640 5907568 433.1062 4124067 1375003952 333.4097 21970 6.2257% 19.9803% 0 3666561 1145 4.1551 1.5717 4.8304 5.9710 159.5543 
141 13576 5907568 435.1479 4137643 1380911520 333.7435 22033 6.2441% 19.8991% 0 3666561 1145 4.1701 1.5802 4.7233 5.9574 160.1311 
142 13667 5907568 432.2505 4151310 1386819088 334.0678 22096 6.2207% 19.8183% 0 3666561 1145 4.1469 1.5886 4.7029 5.9437 159.2390 
143 13719 5907568 430.6122 4165029 1392726656 334.3858 22159 6.2442% 19.7383% 0 3666561 1145 4.1266 1.5970 4.6912 5.9303 158.4619 
144 13761 5907568 429.2979 4178790 1398634224 334.6984 22222 6.2234% 19.6587% 0 3666561 1145 4.1185 1.6053 4.6715 5.9168 158.1513 
145 8099 188160 23.2325 4186889 1398822384 334.0959 22238 6.2488% 19.6467% 0 3666561 1145 0.2776 1.6027 4.3482 5.9161 12.2516 
146 182349 347584 1.9061 4369238 1399169968 320.2320 22254 1.8219% 19.3043% 0 3666561 1145 0.0503 1.5379 1.0059 5.8769 2.0317 
147 41145 84536 2.0546 4410383 1399254504 317.2637 22256 6.1747% 19.2971% 0 3666561 1145 0.0184 1.5238 1.0412 5.8739 0.7074 
148 8669 84536 9.7515 4419052 1399339040 316.6605 22258 5.6924% 19.2954% 0 3666561 1145 0.0876 1.5210 1.0766 5.8709 3.3620 
149 8664 84536 9.7572 4427716 1399423576 316.0599 22260 5.7660% 19.2938% 0 3666561 1145 0.0876 1.5182 1.0812 5.8680 3.3640 
150 8669 84536 9.7515 4436385 1399508112 315.4614 22262 5.8342% 19.2923% 0 3666561 1145 0.0876 1.5154 1.0812 5.8650 3.3620 
151 8705 84536 9.7112 4445090 1399592648 314.8626 22264 5.9064% 19.2907% 0 3666561 1145 0.0871 1.5126 1.0767 5.8621 3.3437 
152 8666 84536 9.7549 4453756 1399677184 314.2690 22266 5.6930% 19.2891% 0 3666561 1145 0.0876 1.5098 1.0736 5.8591 3.3632 
153 8698 84536 9.7190 4462454 1399761720 313.6753 22268 5.7526% 19.2875% 0 3666561 1145 0.0873 1.5070 1.0812 5.8562 3.3508 
154 8655 84536 9.7673 4471109 1399846256 313.0870 22270 5.8342% 19.2859% 0 3666561 1145 0.0877 1.5043 1.0690 5.8533 3.3675 
155 8711 84536 9.7045 4479820 1399930792 312.4971 22272 5.9066% 19.2843% 0 3666561 1145 0.0870 1.5015 1.0706 5.8503 3.3414 
156 8655 84536 9.7673 4488475 1400015328 311.9134 22274 5.6912% 19.2827% 0 3666561 1145 0.0877 1.4988 1.1379 5.8476 3.3675 
157 8676 84536 9.7437 4497151 1400099864 311.3304 22276 5.7650% 19.2811% 0 3666561 1145 0.0875 1.4961 1.0705 5.8446 3.3593 
158 8656 84536 9.7662 4505807 1400184400 310.7511 22278 5.8340% 19.2795% 0 3666561 1145 0.0877 1.4934 1.1345 5.8419 3.3671 
159 8714 84536 9.7012 4514521 1400268936 310.1700 22280 5.8983% 19.2779% 0 3666561 1145 0.0870 1.4906 1.0813 5.8390 3.3403 
160 8662 84536 9.7594 4523183 1400353472 309.5947 22282 5.6924% 19.2763% 0 3666561 1145 0.0876 1.4880 1.1162 5.8362 3.3648 
161 8671 84536 9.7493 4531854 1400438008 309.0210 22284 5.7641% 19.2747% 0 3666561 1145 0.0875 1.4853 1.0705 5.8333 3.3613 
162 8669 84536 9.7515 4540523 1400522544 308.4496 22286 5.8344% 19.2732% 0 3666561 1145 0.0876 1.4826 1.0736 5.8304 3.3620 
163 18252 536624 29.4008 4558775 1401059168 307.3324 22302 12.4246% 19.2596% 0 3666561 1145 0.0237 1.4768 1.0511 5.8287 2.8276 
164 106422 27839232 261.5928 4665197 1428898400 306.2890 22590 11.2501% 18.8231% 0 3762397 1145 0.7547 1.4603 4.9891 5.8171 37.9879 
165 9856 27839232 2824.5974 4675053 1456737632 311.5981 22878 11.1862% 18.7881% 0 3762397 1145 7.3052 1.4726 14.6163 5.8540 280.5195 
166 13466 6024704 447.4012 4688519 1462762336 311.9882 22897 24.3632% 18.7969% 0 3762397 1145 1.1478 1.4717 3.8116 5.8470 45.3409 
167 92084 21664512 235.2690 4780603 1484426848 310.5104 23185 11.2505% 18.4591% 0 3837703 1145 0.8974 1.4606 5.5845 5.8437 51.3757 
168 3386 21500 6.3497 4783989 1484448348 310.2951 23205 1.5625% 18.4522% 0 3840039 1145 0.0473 1.4596 1.1034 5.8432 3.8559 
169 63855 560080 8.7711 4847844 1485008428 306.3235 23207 16.2077% 18.4505% 0 3840039 1145 0.0449 1.4410 1.2101 5.8340 1.9340 
170 104564 651264 6.2284 4952408 1485659692 299.9873 23208 24.9851% 18.4546% 0 3840039 1145 0.0292 1.4112 1.0000 5.8217 1.2178 
171 387 17408 44.9819 4952795 1485677100 299.9674 23752 10.2287% 18.4532% 0 3840039 1145 4.2171 1.4114 10.2000 5.8223 161.9349 
172 19385 38802432 2001.6731 4972180 1524479532 306.6018 24840 39.3458% 18.6236% 0 3852124 1145 5.0233 1.4255 8.0290 5.8444 192.8934 
173 108139 12264960 113.4185 5080319 1536744492 302.4897 24860 24.9989% 18.7056% 0 3975488 1145 0.5972 1.4078 8.1120 5.8592 24.9137 
174 62035 563128 9.0776 5142354 1537307620 298.9502 24862 16.0402% 18.7036% 0 3975488 1145 0.0462 1.3914 1.2199 5.8502 1.9907 
175 28914 652288 22.5596 5171268 1537959908 297.4048 24863 24.9434% 18.7047% 0 3975488 1145 0.1055 1.3842 1.0000 5.8382 4.4039 
176 43280 51102208 1180.7350 5214548 1589062116 304.7363 25971 35.2579% 18.8373% 0 4108104 1145 3.6430 1.4030 8.0976 5.8735 142.1190 
178 56729 1581760 27.8827 5271277 1590643876 301.7568 25973 46.8263% 18.8560% 0 4108104 1145 0.0689 1.3886 1.7409 5.8661 2.8173 
179 19420 258560 13.3141 5290697 1590902436 300.6981 25993 23.6321% 18.8669% 0 4121109 1145 0.3280 1.3847 3.3829 5.8623 14.6126 
180 18491 53088984 2871.0715 5309188 1643991420 309.6503 29035 46.7665% 19.0956% 0 4208308 1145 10.4689 1.4164 12.2830 5.9423 402.3787 
181 42702 23158080 542.3184 5351890 1667149500 311.5067 29075 46.4971% 19.3654% 0 4454132 1145 2.0355 1.4213 9.6321 5.9684 81.2927 
182 19006 563128 29.6290 5370896 1667712628 310.5092 29077 16.1539% 19.3647% 0 4454132 1145 0.1509 1.4168 1.1876 5.9594 6.4977 
183 68890 652288 9.4685 5439786 1668364916 306.6968 29078 24.9787% 19.3669% 0 4454132 1145 0.0443 1.3994 1.0000 5.9475 1.8484 
184 62194 51102208 821.6581 5501980 1719467124 312.5179 30186 33.4181% 19.5027% 0 4457684 1145 2.4809 1.4117 8.5543 5.9838 97.6763 
186 16155 4567040 282.7013 5518135 1724034164 312.4306 30506 24.7165% 19.5387% 0 4468804 1145 1.4826 1.4119 6.1510 5.9843 62.6380 
187 31696 7983360 251.8728 5549831 1732017524 312.0847 30666 15.6191% 19.4834% 0 4493675 1145 0.5704 1.4071 3.5032 5.9745 29.4639 
188 24522 27582960 1124.8251 5574353 1759600484 315.6600 30729 23.9230% 19.5187% 0 4496748 1145 5.7882 1.4263 9.9978 6.0177 238.4239 
189 117226 11951360 101.9514 5691579 1771551844 311.2584 30749 24.9772% 19.5888% 0 4574658 1145 0.4129 1.4055 8.4882 6.0283 17.8199 
190 158422 160839712 1015.2612 5850001 1932391556 330.3233 32975 35.4028% 20.3316% 0 5730428 1145 4.3908 1.4863 10.6247 6.2444 171.7885 
192 12329 2251200 182.5939 5862330 1934642756 330.0126 33175 15.5719% 20.3076% 0 5739971 1145 0.8533 1.4850 4.0966 6.2405 39.4932 
193 2952 2321152 786.2981 5865282 1936963908 330.2422 33207 10.6594% 20.3029% 0 5739971 1145 1.3550 1.4849 6.7114 6.2407 52.0325 
194 65075 5535968 85.0706 5930357 1942499876 327.5519 33270 6.2479% 20.0105% 0 5749601 1145 0.4509 1.4736 1.5510 6.1780 18.8775 
195 15129 5535968 365.9176 5945486 1948035844 327.6496 33333 6.2292% 19.9495% 0 5749601 1145 1.8991 1.4746 2.6842 6.1517 74.7390 
196 13994 5535968 395.5958 5959480 1953571812 327.8091 33396 6.2428% 19.8902% 0 5749601 1145 2.0339 1.4760 2.9286 6.1299 78.1034 
197 13984 5535968 395.8787 5973464 1959107780 327.9685 33459 6.2283% 19.8314% 0 5749601 1145 2.0376 1.4773 2.7902 6.1063 78.2444 
198 14024 5535968 394.7496 5987488 1964643748 328.1249 33522 6.2435% 19.7729% 0 5749601 1145 2.0296 1.4786 2.7413 6.0823 77.9363 
199 14037 5535968 394.3840 6001525 1970179716 328.2798 33585 6.2298% 19.7149% 0 5749601 1145 2.0299 1.4799 2.8583 6.0604 77.9490 
200 13972 5535968 396.2187 6015497 1975715684 328.4377 33648 6.2437% 19.6576% 0 5749601 1145 2.0371 1.4811 2.7864 6.0377 78.2264 
201 14035 5535968 394.4402 6029532 1981251652 328.5913 33711 6.2314% 19.6005% 0 5749601 1145 2.0302 1.4824 3.0407 6.0188 77.9601 
202 13986 5535968 395.8221 6043518 1986787620 328.7469 33774 6.2432% 19.5442% 0 5749601 1145 2.0351 1.4837 2.9986 5.9996 78.1481 
203 13984 5535968 395.8787 6057502 1992323588 328.9019 33837 6.2303% 19.4881% 0 5749601 1145 2.0376 1.4850 2.7338 5.9770 78.2444 
204 13994 5535968 395.5958 6071496 1997859556 329.0556 33900 6.2435% 19.4327% 0 5749601 1145 2.0339 1.4862 2.9702 5.9580 78.1034 
205 14015 5535968 395.0031 6085511 2003395524 329.2075 33963 6.2309% 19.3776% 0 5749601 1145 2.0331 1.4875 2.9687 5.9391 78.0713 
206 13922 5535968 397.6417 6099433 2008931492 329.3636 34026 6.2435% 19.3231% 0 5749601 1145 2.0445 1.4888 2.8777 5.9194 78.5073 
207 13982 5535968 395.9353 6113415 2014467460 329.5159 34089 6.2316% 19.2690% 0 5749601 1145 2.0379 1.4900 2.7554 5.8982 78.2556 
208 13991 5535968 395.6807 6127406 2020003428 329.6670 34152 6.2437% 19.2154% 0 5749601 1145 2.0344 1.4913 2.8943 5.8792 78.1202 
209 13981 5535968 395.9637 6141387 2025539396 329.8179 34215 6.2292% 19.1622% 0 5749601 1145 2.0381 1.4925 2.7845 5.8590 78.2612 
210 8193 224064 27.3482 6149580 2025763460 329.4149 34231 6.2470% 19.1541% 0 5749601 1145 0.1606 1.4907 2.6267 5.8579 7.7428 
211 305826 406624 1.3296 6455406 2026170084 313.8718 34232 1.6737% 19.1287% 0 5749601 1145 0.0278 1.4214 1.0000 5.8317 1.0718 
212 37944 80736 2.1278 6493350 2026250820 312.0502 34234 6.2201% 19.1240% 0 5749601 1145 0.0101 1.4132 1.0435 5.8305 0.3886 
213 8698 80736 9.2821 6502048 2026331556 311.6451 34236 5.7057% 19.1229% 0 5749601 1145 0.0443 1.4114 1.0462 5.8294 1.6997 
214 7976 80736 10.1224 6510024 2026412292 311.2757 34238 6.1068% 19.1219% 0 5749601 1145 0.0481 1.4097 1.0579 5.8283 1.8487 
215 8696 80736 9.2843 6518720 2026493028 310.8729 34240 5.8530% 19.1208% 0 5749601 1145 0.0443 1.4079 1.0724 5.8272 1.7001 
216 8803 80736 9.1714 6527523 2026573764 310.4660 34242 5.8825% 19.1198% 0 5749601 1145 0.0436 1.4060 1.0521 5.8261 1.6751 
217 7981 80736 10.1160 6535504 2026654500 310.0992 34244 6.1073% 19.1188% 0 5749601 1145 0.0481 1.4044 1.0787 5.8251 1.8476 
218 8695 80736 9.2853 6544199 2026735236 309.6995 34246 5.7790% 19.1177% 0 5749601 1145 0.0443 1.4026 1.0724 5.8240 1.7003 
219 7983 80736 10.1135 6552182 2026815972 309.3345 34248 6.1070% 19.1167% 0 5749601 1145 0.0481 1.4009 1.0521 5.8229 1.8471 
220 8689 80736 9.2917 6560871 2026896708 308.9371 34250 5.9275% 19.1156% 0 5749601 1145 0.0442 1.3991 1.0608 5.8218 1.6970 
221 8695 80736 9.2853 6569566 2026977444 308.5405 34252 5.7052% 19.1145% 0 5749601 1145 0.0443 1.3973 1.0724 5.8207 1.7003 
222 7980 80736 10.1173 6577546 2027058180 308.1785 34254 6.1072% 19.1135% 0 5749601 1145 0.0481 1.3957 1.0323 5.8196 1.8478 
223 8690 80736 9.2907 6586236 2027138916 307.7841 34256 5.8535% 19.1124% 0 5749601 1145 0.0443 1.3939 1.0606 5.8185 1.7013 
224 8834 80736 9.1392 6595070 2027219652 307.3841 34258 5.8743% 19.1114% 0 5749601 1145 0.0435 1.3921 1.0726 5.8174 1.6692 
225 7979 80736 10.1186 6603049 2027300388 307.0249 34260 6.1072% 19.1104% 0 5749601 1145 0.0481 1.3905 1.0579 5.8163 1.8481 
226 8692 80736 9.2885 6611741 2027381124 306.6335 34262 5.7791% 19.1093% 0 5749601 1145 0.0443 1.3887 1.0490 5.8152 1.7009 
227 7979 80736 10.1186 6619720 2027461860 306.2761 34264 6.1068% 19.1083% 0 5749601 1145 0.0481 1.3871 1.0726 5.8141 1.8481 
228 19392 553648 28.5503 6639112 2028015508 305.4649 34280 11.8915% 19.0977% 0 5749601 1145 0.0215 1.3831 1.0374 5.8129 2.7248 
229 11494 563128 48.9932 6650606 2028578636 305.0216 34282 18.7106% 19.0976% 0 5749601 1145 0.2394 1.3811 1.0000 5.8045 9.1941 
230 104076 652288 6.2674 6754682 2029230924 300.4184 34283 24.9857% 19.1006% 0 5749601 1145 0.0293 1.3603 1.0000 5.7953 1.2235 
231 122628 51102208 416.7254 6877310 2080333132 302.4923 35391 30.5981% 19.2371% 0 5755037 1145 1.2582 1.3585 9.0863 5.8302 49.5391 
233 6088 4567040 750.1708 6883398 2084900172 302.8882 35711 23.4320% 19.2459% 0 5755878 1145 3.8029 1.3606 8.4993 5.8347 146.0310 
234 3879 7983360 2058.0974 6887277 2092883532 303.8768 35871 15.5053% 19.2405% 0 5755878 1145 4.1248 1.3622 11.0957 5.8394 158.3913 
235 70435 27582960 391.6087 6957712 2120466492 304.7649 35934 24.0717% 19.2815% 0 5763203 1145 1.9796 1.3684 11.7329 5.8827 77.5447 
236 116416 11951360 102.6608 7074128 2132417852 301.4390 35954 24.9584% 19.3344% 0 5766719 1145 0.4132 1.3527 6.1118 5.8838 17.5481 
237 155391 160839680 1035.0643 7229519 2293257532 317.2075 38180 39.9687% 19.8866% 0 6696615 1145 4.4599 1.4195 11.4269 6.0831 172.2920 
239 4139 2251200 543.8995 7233658 2295508732 317.3372 38380 14.1759% 19.8793% 0 6698344 1145 2.3677 1.4201 5.3611 6.0823 90.9205 
240 2946 2321152 787.8995 7236604 2297829884 317.5287 38412 10.6538% 19.8755% 0 6698344 1145 1.3578 1.4200 6.5898 6.0825 52.1385 
241 55544 5535968 99.6682 7292148 2303365852 315.8693 38475 6.2484% 19.6687% 0 6698344 1145 0.5124 1.4131 1.6832 6.0389 19.6777 
242 13943 5535968 397.0428 7306091 2308901820 316.0242 38538 6.2311% 19.6183% 0 6698344 1145 2.0436 1.4143 2.7398 6.0189 78.4745 
243 13988 5535968 395.7655 7320079 2314437788 316.1766 38601 6.2431% 19.5683% 0 6698344 1145 2.0348 1.4155 2.8170 6.0002 78.1369 
244 13925 5535968 397.5561 7334004 2319973756 316.3311 38664 6.2320% 19.5186% 0 6698344 1145 2.0462 1.4167 2.9494 5.9832 78.5759 
245 13903 5535968 398.1852 7347907 2325509724 316.4860 38727 6.2435% 19.4694% 0 6698344 1145 2.0473 1.4179 2.7586 5.9641 78.6146 
246 13970 5535968 396.2755 7361877 2331045692 316.6374 38790 6.2298% 19.4203% 0 6698344 1145 2.0397 1.4191 2.8704 5.9467 78.3228 
247 14001 5535968 395.3980 7375878 2336581660 316.7869 38853 6.2430% 19.3717% 0 6698344 1145 2.0329 1.4202 2.8034 5.9286 78.0644 
248 13965 5535968 396.4173 7389843 2342117628 316.9374 38916 6.2286% 19.3234% 0 6698344 1145 2.0404 1.4214 2.8698 5.9115 78.3508 
249 14000 5535968 395.4263 7403843 2347653596 317.0858 38979 6.2433% 19.2754% 0 6698344 1145 2.0331 1.4226 2.7243 5.8929 78.0699 
250 13923 5535968 397.6132 7417766 2353189564 317.2370 39042 6.2315% 19.2279% 0 6698344 1145 2.0465 1.4237 2.9546 5.8771 78.5872 
251 13990 5535968 395.7089 7431756 2358725532 317.3847 39105 6.2429% 19.1807% 0 6698344 1145 2.0345 1.4249 2.8855 5.8608 78.1257 
252 13953 5535968 396.7583 7445709 2364261500 317.5334 39168 6.2307% 19.1337% 0 6698344 1145 2.0421 1.4260 2.9765 5.8456 78.4182 
253 14015 5535968 395.0031 7459724 2369797468 317.6790 39231 6.2434% 19.0871% 0 6698344 1145 2.0309 1.4272 2.8048 5.8287 77.9864 
254 13969 5535968 396.3038 7473693 2375333436 317.8259 39294 6.2306% 19.0409% 0 6698344 1145 2.0398 1.4283 2.8686 5.8127 78.3284 
255 13991 5535968 395.6807 7487684 2380869404 317.9714 39357 6.2436% 18.9950% 0 6698344 1145 2.0344 1.4295 2.8420 5.7966 78.1202 
256 13949 5535968 396.8720 7501633 2386405372 318.1181 39420 6.2344% 18.9494% 0 6698344 1145 2.0427 1.4306 2.8153 5.7803 78.4407 
257 8164 224064 27.4454 7509797 2386629436 317.8021 39436 6.2449% 18.9455% 0 6698344 1145 0.1543 1.4292 3.2061 5.7798 6.7167 
258 305459 406624 1.3312 7815256 2387036060 305.4329 39437 1.6739% 18.9236% 0 6698344 1145 0.0279 1.3744 1.0000 5.7580 1.0731 
259 37810 80736 2.1353 7853066 2387116796 303.9726 39439 6.2200% 18.9196% 0 6698344 1145 0.0102 1.3679 1.0637 5.7570 0.3900 
260 8693 80736 9.2875 7861759 2387197532 303.6467 39441 5.7045% 18.9186% 0 6698344 1145 0.0443 1.3664 1.0490 5.7561 1.7007 
261 7975 80736 10.1236 7869734 2387278268 303.3493 39443 6.1071% 18.9178% 0 6698344 1145 0.0482 1.3651 1.0159 5.7552 1.8490 
262 8692 80736 9.2885 7878426 2387359004 303.0249 39445 5.8529% 18.9169% 0 6698344 1145 0.0443 1.3636 1.0577 5.7542 1.7009 
263 8800 80736 9.1745 7887226 2387439740 302.6970 39447 5.8831% 18.9160% 0 6698344 1145 0.0436 1.3621 1.0726 5.7533 1.6756 
264 7976 80736 10.1224 7895202 2387520476 302.4015 39449 6.1072% 18.9151% 0 6698344 1145 0.0481 1.3608 1.0159 5.7524 1.8487 
265 8694 80736 9.2864 7903896 2387601212 302.0790 39451 5.7809% 18.9142% 0 6698344 1145 0.0443 1.3594 1.0322 5.7514 1.7005 
266 7979 80736 10.1186 7911875 2387681948 301.7846 39453 6.1072% 18.9133% 0 6698344 1145 0.0481 1.3580 1.0637 5.7505 1.8481 
267 8698 80736 9.2821 7920573 2387762684 301.4634 39455 5.9282% 18.9124% 0 6698344 1145 0.0441 1.3566 1.0463 5.7496 1.6953 
268 8694 80736 9.2864 7929267 2387843420 301.1430 39457 5.7067% 18.9114% 0 6698344 1145 0.0443 1.3552 1.0322 5.7487 1.7005 
269 7981 80736 10.1160 7937248 2387924156 300.8504 39459 6.1073% 18.9106% 0 6698344 1145 0.0481 1.3538 1.0787 5.7478 1.8476 
270 8692 80736 9.2885 7945940 2388004892 300.5315 39461 5.8534% 18.9097% 0 6698344 1145 0.0443 1.3524 1.0322 5.7468 1.7009 
271 8833 80736 9.1403 7954773 2388085628 300.2079 39463 5.8739% 18.9088% 0 6698344 1145 0.0435 1.3510 1.0492 5.7459 1.6694 
272 7981 80736 10.1160 7962754 2388166364 299.9171 39465 6.1068% 18.9079% 0 6698344 1145 0.0481 1.3497 1.0726 5.7450 1.8476 
273 8695 80736 9.2853 7971449 2388247100 299.6001 39467 5.7790% 18.9070% 0 6698344 1145 0.0443 1.3482 1.0724 5.7441 1.7003 
274 7983 80736 10.1135 7979432 2388327836 299.3105 39469 6.1069% 18.9061% 0 6698344 1145 0.0481 1.3469 1.0726 5.7432 1.8471 
275 19317 553648 28.6612 7998749 2388881484 298.6569 39485 11.8129% 18.8996% 0 6698344 1145 0.0164 1.3437 1.0327 5.7425 1.9402 
276 5066 21500 4.2440 8003815 2388902984 298.4705 39505 1.5625% 18.8924% 0 6701315 1145 0.0338 1.3429 1.1793 5.7421 2.9107 
277 62986 560080 8.8921 8066801 2389463064 296.2095 39507 16.0260% 18.8909% 0 6701315 1145 0.0455 1.3328 1.2134 5.7364 1.9558 
278 104100 651264 6.2561 8170901 2390114328 292.5154 39508 24.9857% 18.8935% 0 6701315 1145 0.0293 1.3162 1.0000 5.7287 1.2232 
279 387 17408 44.9819 8171288 2390131736 292.5037 40052 10.1830% 18.8925% 0 6701315 1145 4.2171 1.3163 10.0741 5.7291 161.9349 
280 19657 38802432 1973.9752 8190945 2428934168 296.5389 41140 39.1282% 19.0084% 0 6713434 1145 4.9538 1.3250 7.8981 5.7432 190.2243 
281 108870 12264960 112.6569 8299815 2441199128 294.1269 41160 24.9342% 19.0321% 0 6732099 1145 0.5468 1.3148 5.4556 5.7416 21.6863 
282 6111 4567040 747.3474 8305926 2445766168 294.4604 41480 23.3861% 19.0401% 0 6733488 1145 3.7886 1.3166 7.8856 5.7449 145.4814 
283 3877 7983360 2059.1592 8309803 2453749528 295.2837 41640 15.5097% 19.0357% 0 6733488 1145 4.1269 1.3179 11.0497 5.7489 158.4730 
284 1946 1075000 552.4152 8311749 2454824528 295.3439 42640 18.5848% 19.0354% 0 6733488 1145 2.6403 1.3183 5.8254 5.7490 109.5564 
285 65584 9012800 137.4238 8377333 2463837328 294.1076 42740 10.1435% 18.8531% 0 6789030 1145 0.6410 1.3129 5.6665 5.7486 32.3488 
286 5835 3337216 571.9308 8383168 2467174544 294.3010 42772 8.4969% 18.8463% 0 6789030 1145 2.4679 1.3138 11.2676 5.7523 94.7661 
287 326 4608 14.1350 8383494 2467179152 294.2901 42916 2.7938% 18.8448% 0 6789030 1145 1.3252 1.3138 3.6923 5.7522 50.8859 
288 20561 37269504 1812.6309 8404055 2504448656 298.0048 43492 21.6858% 18.8619% 0 6789030 1145 7.3258 1.3285 11.9184 5.7926 281.3149 
289 49601 8486400 171.0933 8453656 2512935056 297.2602 43542 12.4950% 18.8000% 0 6889277 1145 0.6875 1.3247 7.1369 5.7960 31.2768 
290 3321 2251200 677.8681 8456977 2515186256 297.4096 43742 13.9938% 18.7957% 0 6890189 1145 2.9509 1.3253 5.8788 5.7960 113.3153 
291 2951 2321152 786.5646 8459928 2517507408 297.5802 43774 10.6522% 18.7927% 0 6890189 1145 1.3555 1.3254 6.7682 5.7963 52.0502 
292 56066 5535968 98.7402 8515994 2523043376 296.2711 43837 6.2485% 18.6230% 0 6890189 1145 0.5077 1.3200 1.3634 5.7490 19.4945 
293 13989 5535968 395.7372 8529983 2528579344 296.4343 43900 6.2318% 18.5818% 0 6890189 1145 2.0369 1.3211 2.9216 5.7350 78.2164 
294 13976 5535968 396.1053 8543959 2534115312 296.5973 43963 6.2429% 18.5410% 0 6890189 1145 2.0366 1.3223 2.8751 5.7206 78.2040 
295 13950 5535968 396.8436 8557909 2539651280 296.7607 44026 6.2339% 18.5002% 0 6890189 1145 2.0426 1.3235 2.8767 5.7064 78.4351 
296 14004 5535968 395.3133 8571913 2545187248 296.9218 44089 6.2427% 18.4600% 0 6890189 1145 2.0325 1.3246 2.9071 5.6927 78.0476 
297 13993 5535968 395.6241 8585906 2550723216 297.0826 44152 6.2316% 18.4200% 0 6890189 1145 2.0363 1.3258 2.7675 5.6777 78.1941 
298 14043 5535968 394.2155 8599949 2556259184 297.2412 44215 6.2425% 18.3803% 0 6890189 1145 2.0268 1.3270 2.8232 5.6634 77.8309 
299 13974 5535968 396.1620 8613923 2561795152 297.4017 44278 6.2309% 18.3407% 0 6890189 1145 2.0391 1.3281 2.8324 5.6493 78.3004 
300 14004 5535968 395.3133 8627927 2567331120 297.5606 44341 6.2428% 18.3014% 0 6890189 1145 2.0325 1.3292 3.0412 5.6373 78.0476 
301 13973 5535968 396.1904 8641900 2572867088 297.7201 44404 6.2319% 18.2625% 0 6890189 1145 2.0392 1.3304 2.8791 5.6240 78.3060 
302 13897 5535968 398.3571 8655797 2578403056 297.8817 44467 6.2429% 18.2239% 0 6890189 1145 2.0481 1.3315 2.9008 5.6110 78.6486 
303 13966 5535968 396.3889 8669763 2583939024 298.0403 44530 6.2210% 18.1854% 0 6890189 1145 2.0402 1.3327 2.9812 5.5988 78.3452 
304 13967 5535968 396.3606 8683730 2589474992 298.1985 44593 6.2435% 18.1471% 0 6890189 1145 2.0379 1.3338 2.8223 5.5853 78.2544 
305 14014 5535968 395.0312 8697744 2595010960 298.3545 44656 6.2329% 18.1091% 0 6890189 1145 2.0333 1.3350 2.8347 5.5720 78.0769 
306 13969 5535968 396.3038 8711713 2600546928 298.5115 44719 6.2429% 18.0715% 0 6890189 1145 2.0376 1.3361 2.8045 5.5586 78.2432 
307 13962 5535968 396.5025 8725675 2606082896 298.6683 44782 6.2313% 18.0339% 0 6890189 1145 2.0408 1.3372 2.7528 5.5448 78.3677 
308 8170 224064 27.4252 8733845 2606306960 298.4146 44798 6.2391% 18.0325% 0 6890189 1145 0.1491 1.3361 5.3188 5.5448 5.9222 
309 306659 406624 1.3260 9040504 2606713584 288.3372 44799 1.6734% 18.0140% 0 6890189 1145 0.0277 1.2917 1.0000 5.5265 1.0689 
310 37944 80736 2.1278 9078448 2606794320 287.1410 44801 6.2201% 18.0107% 0 6890189 1145 0.0101 1.2864 1.0267 5.5257 0.3886 
311 8698 80736 9.2821 9087146 2606875056 286.8750 44803 5.7057% 18.0099% 0 6890189 1145 0.0443 1.2852 1.0462 5.5249 1.6997 
312 7976 80736 10.1224 9095122 2606955792 286.6323 44805 6.1072% 18.0092% 0 6890189 1145 0.0481 1.2841 1.0492 5.5241 1.8487 
313 8696 80736 9.2843 9103818 2607036528 286.3674 44807 5.8534% 18.0084% 0 6890189 1145 0.0443 1.2829 1.0724 5.5234 1.7001 
314 8799 80736 9.1756 9112617 2607117264 286.0997 44809 5.8823% 18.0077% 0 6890189 1145 0.0436 1.2817 1.0579 5.5226 1.6758 
315 7985 80736 10.1110 9120602 2607198000 285.8581 44811 6.1071% 18.0070% 0 6890189 1145 0.0481 1.2806 1.0463 5.5218 1.8467 
316 8696 80736 9.2843 9129298 2607278736 285.5947 44813 5.7791% 18.0062% 0 6890189 1145 0.0443 1.2794 1.0724 5.5211 1.7001 
317 7985 80736 10.1110 9137283 2607359472 285.3539 44815 6.1071% 18.0055% 0 6890189 1145 0.0481 1.2784 1.0463 5.5203 1.8467 
318 8698 80736 9.2821 9145981 2607440208 285.0914 44817 5.9282% 18.0047% 0 6890189 1145 0.0441 1.2772 1.0463 5.5195 1.6953 
319 8690 80736 9.2907 9154671 2607520944 284.8296 44819 5.7060% 18.0040% 0 6890189 1145 0.0443 1.2760 1.0519 5.5187 1.7013 
320 7979 80736 10.1186 9162650 2607601680 284.5903 44821 6.1072% 18.0033% 0 6890189 1145 0.0481 1.2750 1.0521 5.5180 1.8481 
321 8689 80736 9.2917 9171339 2607682416 284.3295 44823 5.8551% 18.0025% 0 6890189 1145 0.0443 1.2738 1.0322 5.5172 1.7015 
322 8797 80736 9.1777 9180136 2607763152 284.0659 44825 5.8826% 18.0017% 0 6890189 1145 0.0437 1.2726 1.0159 5.5164 1.6762 
323 7983 80736 10.1135 9188119 2607843888 283.8278 44827 6.1070% 18.0011% 0 6890189 1145 0.0481 1.2715 1.0521 5.5156 1.8471 
324 8689 80736 9.2917 9196808 2607924624 283.5685 44829 5.7792% 18.0003% 0 6890189 1145 0.0443 1.2704 1.0158 5.5148 1.7015 
325 7985 80736 10.1110 9204793 2608005360 283.3312 44831 6.1073% 17.9996% 0 6890189 1145 0.0481 1.2693 1.0323 5.5140 1.8467 
326 19498 553648 28.3951 9224291 2608559008 282.7924 44847 9.8771% 17.9973% 0 6890189 1145 0.0070 1.2667 1.0543 5.5138 0.5042 
