1 57660 120043008 2081.9114 57660 120043008 2081.9114 144 22.5064% 22.5064% 0 17432 0 2.3992 2.3992 5.4131 5.4131 131.0209 
2 30094 120043008 3988.9351 87754 240086016 2735.8982 288 21.9117% 22.3160% 0 17432 0 3.9428 2.9286 13.5174 7.4851 151.4053 
3 7936 5425664 683.6774 95690 245511680 2565.6985 307 23.1464% 22.3330% 0 17432 0 3.8727 3.0069 6.0835 7.3053 150.6000 
4 27446 21111552 769.2032 123136 266623232 2165.2744 595 11.2382% 19.6768% 0 28288 0 4.6628 3.3760 7.5346 7.3744 232.6722 
5 1501 21500 14.3238 124637 266644732 2139.3706 615 1.5625% 19.6185% 0 28525 0 0.1599 3.3372 1.2371 7.3533 12.2798 
6 22172 559580 25.2381 146809 267204312 1820.0813 617 16.4487% 19.6036% 0 28525 0 0.1308 2.8530 1.2048 7.1024 5.6305 
7 39407 638720 16.2083 186216 267843032 1438.3459 618 24.9607% 19.6266% 0 28525 0 0.0972 2.2698 1.0000 6.7300 3.9913 
8 1707 17408 10.1980 187923 267860440 1425.3734 1162 10.3041% 19.5003% 0 29338 0 1.0967 2.2591 2.2024 6.6696 58.3086 
9 26453 38802432 1466.8442 214376 306662872 1430.4907 2250 42.3504% 23.4776% 0 38573 0 3.8111 2.4507 8.7636 6.9901 161.3285 
10 39623 11896320 300.2377 253999 318559192 1254.1750 2270 24.9970% 23.5774% 0 44000 0 1.9186 2.3677 8.3843 7.1402 78.8487 
11 22383 562628 25.1364 276382 319121820 1154.6404 2272 16.3798% 23.5517% 0 44000 0 0.1295 2.1864 1.2120 6.9765 5.5705 
12 27583 639744 23.1934 303965 319761564 1051.9684 2273 24.9406% 23.5549% 0 44000 0 0.1389 2.0006 1.0000 6.7233 5.7023 
13 51011 50733568 994.5613 354976 370495132 1043.7189 3381 38.9106% 25.9263% 0 52181 0 3.3819 2.1991 7.6286 6.9043 139.2611 
15 26772 1569216 58.6141 381748 372064348 974.6334 3383 46.7743% 26.0039% 0 52181 0 0.1753 2.0572 1.6320 6.7736 7.0827 
16 7394 258060 34.9013 389142 372322408 956.7777 3403 23.3041% 25.9769% 0 53355 0 0.8629 2.0345 3.4468 6.7213 38.1196 
17 24490 53088984 2167.7822 413632 425411392 1028.4779 6445 56.3090% 29.4239% 0 59229 0 7.9727 2.3861 13.7289 7.4763 315.1842 
18 20224 21242880 1050.3798 433856 446654272 1029.4989 6485 46.2134% 30.2086% 0 74204 0 4.8517 2.5010 11.4787 7.7197 192.9114 
19 17167 562628 32.7738 451023 447216900 991.5612 6487 13.8781% 30.1821% 0 74204 0 0.1655 2.4121 1.0025 7.5869 6.7441 
20 36873 639744 17.3499 487896 447856644 917.9346 6488 24.9599% 30.1710% 0 74204 0 0.1039 2.2377 1.0000 7.4155 4.2656 
21 50452 50733568 1005.5809 538348 498590212 926.1485 7596 33.8185% 30.4451% 0 74204 0 3.2076 2.3286 9.6281 7.6422 125.8131 
23 6099 4136960 678.3013 544447 502727172 923.3721 7916 24.1129% 30.2925% 0 76123 0 7.6996 2.3887 12.1911 7.7466 309.2651 
24 11573 7672320 662.9500 556020 510399492 917.9517 8076 15.6035% 29.6264% 0 82480 0 2.6614 2.3944 6.2691 7.7046 121.0431 
25 22588 27557960 1220.0266 578608 537957452 929.7442 8139 24.6946% 29.3260% 0 82625 0 6.3520 2.5489 10.6804 7.9192 261.6667 
26 44478 11905280 267.6667 623086 549862732 882.4828 8159 24.9577% 29.1518% 0 90551 0 1.1529 2.4492 8.1682 7.9273 49.4526 
27 107556 160737440 1494.4535 730642 710600172 972.5696 10385 42.8580% 32.3184% 0 840711 16322 6.5288 3.0498 12.0828 8.8909 257.5088 
29 4673 2074400 443.9118 735315 712674572 969.2099 10585 15.3729% 32.1122% 0 843160 16322 3.6037 3.0533 7.6685 8.8803 154.1588 
30 2316 2234880 964.9741 737631 714909452 969.1966 10617 10.7181% 32.0591% 0 843160 16322 3.4611 3.0546 11.6851 8.8879 133.7036 
34 12898 5907568 458.0220 750529 738539724 921.5171 10869 6.2375% 29.0540% 0 844635 16322 4.3941 3.0954 4.8415 8.0162 168.7331 
39 12890 5907568 458.3063 763419 768077564 886.7188 11184 6.2466% 26.6127% 0 844635 16322 4.3920 3.1909 4.7351 7.4847 168.6532 
40 12870 5907568 459.0185 776289 773985132 880.4571 11247 6.2339% 26.1885% 0 844635 16322 4.4037 3.2087 4.7482 7.3990 169.1002 
43 12985 5907568 454.9532 789274 791707836 862.3639 11436 6.2466% 25.0058% 0 844635 16322 4.3599 3.2574 4.7146 7.1681 167.4193 
47 3631 188160 51.8204 792905 809618700 842.6497 11641 6.2388% 23.9284% 0 844635 16322 0.6235 3.2918 3.9306 6.9700 28.0042 
48 165551 347584 2.0996 958456 809966284 719.1058 11657 1.6523% 22.6390% 0 844635 16322 0.0554 2.8161 1.0157 6.8539 2.2379 
53 8011 84536 10.5525 966467 810388964 691.8312 11667 6.0819% 22.6064% 0 844635 16322 0.0946 2.7111 1.0706 6.8108 3.6334 
60 7969 84536 10.6081 974436 810980716 660.8787 11681 6.0726% 22.5660% 0 844635 16322 0.0952 2.5923 1.0736 6.7523 3.6574 
61 8011 84536 10.5525 982447 811065252 656.6607 11683 6.0819% 22.5602% 0 844635 16322 0.0946 2.5761 1.1066 6.7441 3.6334 
65 6534 536624 82.1279 988981 811855484 641.5066 11705 12.3286% 22.5199% 0 844768 16322 0.0637 2.5163 1.0479 6.7149 7.5225 
66 10673 562628 52.7151 999654 812418112 636.5826 11707 18.9253% 22.5186% 0 844768 16322 0.2608 2.4974 1.0000 6.6816 10.0129 
67 40739 639744 15.7035 1040393 813057856 617.3762 11708 24.9620% 22.5208% 0 844768 16322 0.0941 2.4231 1.0000 6.6363 3.8608 
68 52581 50733568 964.8651 1092974 863791424 630.7174 12816 35.3823% 22.8462% 0 844768 16322 3.0625 2.4476 10.3588 6.7529 118.3790 
70 3217 4136960 1285.9683 1096191 867928384 632.2529 13136 22.3910% 22.8440% 0 845039 16322 14.3736 2.4756 18.4517 6.8116 551.9478 
71 3217 7672320 2384.9302 1099408 875600704 636.3506 13296 15.4629% 22.8054% 0 845039 16322 8.9524 2.4907 15.8416 6.8444 343.7737 
72 27661 27557960 996.2749 1127069 903158664 643.4436 13359 23.8202% 22.8269% 0 848493 16322 5.0822 2.5418 14.2316 6.9873 197.5738 
73 43876 11905280 271.3392 1170945 915063944 632.1646 13379 24.8672% 22.8515% 0 848643 16322 1.1460 2.4995 6.5222 6.9804 46.6303 
74 83798 160737280 1918.1517 1254743 1075801224 702.5379 15605 42.3472% 24.4253% 0 1324836 16322 8.3318 2.8187 13.7588 7.5849 322.0957 
76 2145 2074400 967.0862 1256888 1077875624 702.9080 15805 14.7884% 24.3994% 0 1325285 16322 7.5524 2.8253 11.1340 7.5939 290.0140 
77 2332 2234880 958.3533 1259220 1080110504 703.2958 15837 10.7140% 24.3809% 0 1325285 16322 3.4374 2.8262 11.7709 7.5989 132.7863 
85 12898 5907568 458.0220 1272118 1127371048 684.1196 16341 6.2371% 22.3219% 0 1325285 16322 4.3941 2.9089 4.7021 7.1072 168.7331 
86 12941 5907568 456.5001 1285059 1133278616 682.3461 16404 6.2466% 22.1134% 0 1325285 16322 4.3747 2.9203 4.7181 7.0654 167.9885 
88 13052 5907568 452.6178 1298111 1145093752 678.8348 16530 6.2463% 21.7113% 0 1325285 16322 4.3375 2.9425 4.6881 6.9854 166.5599 
92 12893 5907568 458.1996 1311004 1168724024 672.2263 16782 6.2464% 20.9684% 0 1325285 16322 4.3910 2.9852 4.7170 6.8420 168.6139 
94 3634 188160 51.7777 1314638 1174819752 669.3450 16861 6.2313% 20.7825% 0 1325285 16322 0.6164 2.9906 3.2749 6.8064 26.9666 
95 165527 347584 2.0999 1480165 1175167336 611.8417 16877 1.6378% 20.0607% 0 1325285 16322 0.0552 2.7376 1.0194 6.7399 2.2104 
98 7961 84536 10.6188 1488126 1175420944 602.7787 16883 6.0642% 20.0490% 0 1325285 16322 0.0953 2.6976 1.0736 6.7246 3.6610 
99 7973 84536 10.6028 1496099 1175505480 600.3674 16885 6.0721% 20.0458% 0 1325285 16322 0.0952 2.6870 1.0766 6.7195 3.6555 
102 8002 84536 10.5644 1504101 1175759088 593.2293 16891 6.0505% 20.0362% 0 1325285 16322 0.0949 2.6557 1.0921 6.7046 3.6423 
103 7960 84536 10.6201 1512061 1175843624 590.8987 16893 6.0731% 20.0330% 0 1325285 16322 0.0954 2.6454 1.1145 6.6997 3.6615 
105 7966 84536 10.6121 1520027 1176012696 586.2777 16897 6.0569% 20.0266% 0 1325285 16322 0.0953 2.6251 1.0705 6.6896 3.6587 
107 7965 84536 10.6134 1527992 1176181768 581.7411 16901 6.0719% 20.0202% 0 1325285 16322 0.0953 2.6052 1.0952 6.6796 3.6592 
112 6624 536624 81.0121 1534616 1177056536 571.2824 16925 12.3244% 19.9964% 0 1325411 16322 0.0601 2.5581 1.0557 6.6577 7.0029 
113 1764 21500 12.1882 1536380 1177078036 570.8041 16945 1.5625% 19.9879% 0 1325437 16322 0.1315 2.5560 1.1542 6.6563 9.7524 
114 23089 559580 24.2358 1559469 1177637616 564.7522 16947 16.3083% 19.9856% 0 1325437 16322 0.1256 2.5291 1.2034 6.6398 5.4002 
115 41374 638720 15.4377 1600843 1178276336 554.0650 16948 24.9625% 19.9885% 0 1325437 16322 0.0926 2.4817 1.0000 6.6127 3.8016 
116 384 17408 45.3333 1601227 1178293744 553.9732 17492 10.1706% 19.9845% 0 1325437 16322 4.2500 2.4820 10.3949 6.6134 163.2000 
117 13632 38802432 2846.4226 1614859 1217096176 568.5721 18580 40.2003% 20.2396% 0 1326481 16322 7.1432 2.5117 12.0649 6.6680 274.2986 
118 40336 11896320 294.9306 1655195 1228992496 563.5112 18600 24.9575% 20.2823% 0 1326559 16322 1.6810 2.4964 6.0884 6.6601 68.1101 
119 3141 4136960 1317.0837 1658336 1233129456 564.5949 18920 22.3170% 20.2889% 0 1326865 16322 14.7214 2.5139 19.0132 6.6967 565.3028 
120 3300 7672320 2324.9456 1661636 1240801776 567.2507 19080 15.4712% 20.2721% 0 1326865 16322 8.7273 2.5233 14.8991 6.7160 335.1273 
121 1519 1075000 707.7025 1663155 1241876776 567.3481 20080 17.7971% 20.2688% 0 1326865 16322 5.3772 2.5253 8.0871 6.7177 219.2263 
122 23733 8977800 378.2834 1686888 1250854576 565.3202 20180 10.2658% 20.0288% 0 1338601 16322 1.8327 2.5179 5.7724 6.7091 91.3442 
123 4640 3291136 709.2966 1691528 1254145712 565.6215 20212 8.7068% 20.0097% 0 1338601 16322 3.7241 2.5204 12.0924 6.7184 143.0069 
124 331 4608 13.9215 1691859 1254150320 565.5391 20356 2.7863% 20.0040% 0 1338601 16322 1.3051 2.5202 3.5702 6.7179 50.1172 
125 22401 37269504 1663.7429 1714260 1291419824 576.5215 20932 22.1994% 20.0529% 0 1342768 16322 6.8240 2.5632 12.5360 6.8020 273.5604 
126 18994 8384000 441.4026 1733254 1299803824 575.3854 20982 12.4911% 19.9601% 0 1350852 16322 1.9638 2.5582 7.5262 6.8062 88.1457 
127 2128 2074400 974.8120 1735382 1301878224 575.7614 21182 14.6192% 19.9499% 0 1351302 16322 7.6128 2.5630 11.1570 6.8136 292.3308 
128 2326 2234880 960.8254 1737708 1304113104 576.1571 21214 10.6706% 19.9411% 0 1351302 16322 3.4433 2.5639 11.5570 6.8175 132.6666 
129 22580 5907568 261.6284 1760288 1310020672 573.0504 21277 6.2480% 19.6994% 0 1351302 16322 2.5072 2.5633 2.8157 6.7251 96.2772 
132 12926 5907568 457.0299 1773214 1327743376 571.1589 21466 6.2355% 19.3039% 0 1351302 16322 4.3846 2.5939 4.7127 6.6461 168.3676 
138 12867 5907568 459.1255 1786081 1363188784 567.4702 21844 6.2367% 18.5760% 0 1351302 16322 4.4047 2.6516 4.7253 6.5052 169.1397 
143 12927 5907568 456.9945 1799008 1392726624 564.5378 22159 6.2466% 18.0285% 0 1351302 16322 4.3794 2.6967 4.6982 6.4013 168.1704 
145 3596 188160 52.3248 1802604 1398822352 563.2466 22238 6.2387% 17.9183% 0 1351302 16322 0.6229 2.7025 3.3735 6.3816 27.2516 
146 165450 347584 2.1008 1968054 1399169936 528.1981 22254 1.6524% 17.4583% 0 1351302 16322 0.0554 2.5372 1.0110 6.3357 2.2392 
156 7974 84536 10.6015 1976028 1400015296 511.9236 22274 6.0586% 17.4375% 0 1351302 16322 0.0952 2.4603 1.0705 6.3012 3.6551 
157 7967 84536 10.6108 1983995 1400099832 510.4674 22276 6.0646% 17.4356% 0 1351302 16322 0.0953 2.4535 1.0705 6.2977 3.6583 
159 8007 84536 10.5578 1992002 1400268904 507.5752 22280 6.0722% 17.4317% 0 1351302 16322 0.0947 2.4398 1.0706 6.2910 3.6352 
162 7972 84536 10.6041 1999974 1400522512 503.3071 22286 6.0733% 17.4258% 0 1351302 16322 0.0952 2.4197 1.1032 6.2809 3.6560 
163 6463 536624 83.0302 2006437 1401059136 502.3332 22302 12.1757% 17.4208% 0 1351411 16322 0.0560 2.4142 1.0462 6.2792 6.3218 
164 37402 27839232 744.3247 2043839 1428898368 505.5354 22590 11.2545% 17.2309% 0 1372508 16322 2.1475 2.4107 4.8767 6.2580 108.0892 
165 9921 27839232 2806.0913 2053760 1456737600 513.5821 22878 11.1819% 17.1860% 0 1372508 16322 7.2573 2.4276 14.0900 6.2946 278.6816 
166 8596 6024704 700.8730 2062356 1462762304 514.1479 22897 23.7848% 17.1966% 0 1372508 16322 1.7980 2.4257 3.6036 6.2841 71.0284 
167 31004 21664512 698.7651 2093360 1484426816 516.1382 23185 11.2571% 17.0503% 0 1387282 16322 2.6629 2.4283 5.3558 6.2712 152.1930 
168 1275 21500 16.8627 2094635 1484448316 515.9169 23205 1.5625% 17.0464% 0 1387505 16322 0.1255 2.4273 1.1511 6.2706 10.2400 
169 23736 560080 23.5962 2118371 1485008396 511.8888 23207 16.5040% 17.0462% 0 1387505 16322 0.1209 2.4084 1.2084 6.2598 5.2158 
170 42599 651264 15.2882 2160970 1485659660 504.7022 23208 24.9503% 17.0495% 0 1387505 16322 0.0716 2.3746 1.0000 6.2455 2.9927 
171 393 17408 44.2952 2161363 1485677068 504.6408 23752 10.1537% 17.0475% 0 1387505 16322 4.1527 2.3748 10.0741 6.2461 159.4626 
172 13885 38802432 2794.5576 2175248 1524479500 515.3901 24840 40.0787% 17.2560% 0 1388776 16322 7.0130 2.3966 11.6492 6.2861 269.3006 
173 40189 12264960 305.1820 2215437 1536744460 512.5723 24860 24.9971% 17.3172% 0 1395094 16322 1.6064 2.3860 8.4959 6.3009 66.9604 
174 22252 563128 25.3068 2237689 1537307588 508.9824 24862 16.1395% 17.3167% 0 1395094 16322 0.1288 2.3694 1.2139 6.2903 5.5360 
175 29029 652288 22.4702 2266718 1537959876 504.3510 24863 24.9285% 17.3189% 0 1395094 16322 0.1051 2.3478 1.0000 6.2762 4.3917 
176 39029 51102208 1309.3394 2305747 1589062084 514.5239 25971 35.1937% 17.5277% 0 1395094 16322 4.0396 2.3692 8.2372 6.3086 157.5631 
178 26256 1581760 60.2438 2332003 1590643844 510.6943 25973 46.7759% 17.5426% 0 1395094 16322 0.1488 2.3505 1.7501 6.2998 6.0753 
179 6967 258560 37.1121 2338970 1590902404 509.6374 25993 22.6250% 17.5494% 0 1396153 16322 0.9114 2.3473 3.4718 6.2954 40.2905 
180 16833 53088984 3153.8635 2355803 1643991388 523.8196 29035 54.6201% 17.9886% 0 1396178 16322 11.4966 2.3963 14.9902 6.3907 442.9630 
181 21779 23158080 1063.3215 2377582 1667149468 527.5375 29075 46.1160% 18.2204% 0 1417556 16322 3.9910 2.4073 11.2825 6.4226 159.3902 
182 17656 563128 31.8944 2395238 1667712596 524.7838 29077 17.3062% 18.2202% 0 1417556 16322 0.1623 2.3948 1.0010 6.4095 6.9771 
183 35498 652288 18.3753 2430736 1668364884 519.1896 29078 24.9379% 18.2225% 0 1417556 16322 0.0859 2.3693 1.0000 6.3956 3.5914 
184 41533 51102208 1230.4001 2472269 1719467092 528.2646 30186 34.8516% 18.4202% 0 1417556 16322 3.7102 2.3864 8.8252 6.4307 145.5341 
186 5578 4567040 818.7594 2477847 1724034132 528.7617 30506 24.6678% 18.4442% 0 1419938 16322 4.2797 2.3897 7.1345 6.4327 179.2092 
187 12959 7983360 616.0475 2490806 1732017492 529.1072 30666 15.6094% 18.4174% 0 1426164 16322 1.3890 2.3857 3.4689 6.4200 71.1166 
188 23429 27582960 1177.2999 2514235 1759600452 533.7135 30729 24.1162% 18.4873% 0 1428955 16322 6.0555 2.4118 9.9715 6.4611 249.1206 
189 44980 11951360 265.7039 2559215 1771551812 530.1062 30749 24.9566% 18.5401% 0 1436566 16322 1.0760 2.3938 8.3348 6.4699 46.4420 
190 85239 160840000 1886.9297 2644454 1932391812 563.8530 32975 39.8639% 19.5027% 0 2037654 16322 8.1720 2.5375 13.5796 6.7531 319.7004 
192 4890 2251200 460.3681 2649344 1934643012 563.7056 33175 15.5578% 19.4899% 0 2040082 16322 2.1513 2.5370 4.5034 6.7490 99.5730 
193 2945 2321152 788.1671 2652289 1936964164 563.8980 33207 10.6444% 19.4828% 0 2040082 16322 1.3582 2.5360 6.7912 6.7490 52.1562 
198 13287 5535968 416.6454 2665576 1964644004 559.3681 33522 6.2458% 18.9667% 0 2041717 16322 2.1422 2.5210 3.0989 6.5809 82.2593 
206 13317 5535968 415.7068 2678893 2008931748 555.1959 34026 6.2463% 18.3120% 0 2041717 16322 2.1373 2.5100 2.7845 6.3689 82.0740 
209 13345 5535968 414.8346 2692238 2025539652 553.6729 34215 6.2417% 18.0833% 0 2041717 16322 2.1352 2.5060 3.1250 6.3009 81.9910 
210 3014 224064 74.3411 2695252 2025763716 553.2783 34231 6.2419% 18.0789% 0 2041717 16322 0.4313 2.5043 2.8078 6.2998 20.2320 
211 268038 406624 1.5170 2963290 2026170340 515.6409 34232 1.6155% 18.0449% 0 2041717 16322 0.0317 2.3356 1.0000 6.2690 1.2229 
214 7976 80736 10.1224 2971266 2026412548 511.9611 34238 6.1068% 18.0397% 0 2041717 16322 0.0481 2.3189 1.0608 6.2651 1.8487 
215 7989 80736 10.1059 2979255 2026493284 510.9502 34240 6.0939% 18.0382% 0 2041717 16322 0.0482 2.3144 1.0635 6.2638 1.8505 
219 7985 80736 10.1110 2987240 2026816228 506.9328 34248 6.1073% 18.0323% 0 2041717 16322 0.0481 2.2962 1.0323 6.2587 1.8467 
222 7976 80736 10.1224 2995216 2027058436 503.9735 34254 6.1071% 18.0280% 0 2041717 16322 0.0481 2.2828 1.0637 6.2548 1.8487 
223 7989 80736 10.1059 3003205 2027139172 502.9945 34256 6.0945% 18.0265% 0 2041717 16322 0.0482 2.2784 1.0322 6.2535 1.8505 
226 7995 80736 10.0983 3011200 2027381380 500.0626 34262 6.0800% 18.0221% 0 2041717 16322 0.0482 2.2651 1.0724 6.2497 1.8492 
227 7976 80736 10.1224 3019176 2027462116 499.1006 34264 6.1072% 18.0206% 0 2041717 16322 0.0481 2.2608 1.0159 6.2484 1.8487 
228 6548 553648 84.5522 3025724 2028015764 498.4335 34280 12.2541% 18.0160% 0 2041717 16322 0.0635 2.2572 1.0272 6.2469 8.0694 
229 21125 563128 26.6569 3046849 2028578892 495.9967 34282 13.1229% 18.0148% 0 2041717 16322 0.1330 2.2462 1.0018 6.2369 5.4242 
230 42097 652288 15.4949 3088946 2029231180 491.1013 34283 24.9494% 18.0170% 0 2041717 16322 0.0725 2.2241 1.0000 6.2261 3.0284 
231 53138 51102208 961.6886 3142084 2080333388 497.0763 35391 34.3313% 18.1822% 0 2041769 16322 2.8947 2.2326 9.9799 6.2649 112.9526 
233 2708 4567040 1686.4993 3144792 2084900428 497.8454 35711 23.0473% 18.1899% 0 2041909 16322 8.5495 2.2367 12.5214 6.2727 328.3001 
234 3875 7983360 2060.2219 3148667 2092883788 499.2898 35871 15.5086% 18.1837% 0 2041909 16322 4.1290 2.2384 10.9664 6.2772 158.5548 
235 21441 27582960 1286.4586 3170108 2120466748 503.2957 35934 24.4536% 18.2281% 0 2042120 16322 6.5024 2.2601 12.4592 6.3232 254.6245 
236 44477 11951360 268.7088 3214585 2132418108 500.8451 35954 24.9552% 18.2714% 0 2042617 16322 1.0860 2.2479 6.0686 6.3218 46.6218 
237 83794 160839840 1919.4673 3298379 2293257948 528.2260 38180 42.1864% 19.0265% 0 2519942 16322 8.2924 2.3645 13.6917 6.5609 320.9104 
239 1929 2251200 1167.0295 3300308 2295509148 528.5096 38380 15.0771% 19.0224% 0 2520153 16322 5.0804 2.3658 7.6742 6.5618 195.0855 
240 2949 2321152 787.0980 3303257 2297830300 528.6851 38412 10.6433% 19.0168% 0 2520153 16322 1.3564 2.3651 6.9565 6.5619 52.0855 
241 20007 5535968 276.7016 3323264 2303366268 527.5305 38475 6.2475% 18.9066% 0 2520153 16322 1.4227 2.3607 2.1115 6.5240 54.6298 
245 13343 5535968 414.8968 3336607 2325510140 526.2007 38727 6.2459% 18.6170% 0 2520153 16322 2.1332 2.3581 3.1012 6.4392 81.9141 
246 13284 5535968 416.7395 3349891 2331046108 525.8726 38790 6.2429% 18.5468% 0 2520153 16322 2.1450 2.3575 2.8669 6.4174 82.3675 
250 13236 5535968 418.2508 3363127 2353189980 524.5867 39042 6.2423% 18.2733% 0 2520153 16322 2.1528 2.3550 2.9216 6.3326 82.6662 
253 13236 5535968 418.2508 3376363 2369797884 523.6471 39231 6.2459% 18.0760% 0 2520153 16322 2.1504 2.3532 2.8176 6.2705 82.5762 
257 3014 224064 74.3411 3379377 2386629852 522.4307 39436 6.2419% 17.8818% 0 2520153 16322 0.4313 2.3502 2.8078 6.2085 20.2320 
258 267684 406624 1.5190 3647061 2387036476 493.5970 39437 1.6156% 17.8531% 0 2520153 16322 0.0318 2.2218 1.0000 6.1830 1.2245 
263 8103 80736 9.9637 3655164 2387440156 489.1615 39447 6.0720% 17.8463% 0 2520153 16322 0.0474 2.2019 1.0579 6.1777 1.8198 
271 8137 80736 9.9221 3663301 2388086044 482.9562 39463 6.0624% 17.8365% 0 2520153 16322 0.0472 2.1740 1.0521 6.1690 1.8122 
275 6566 553648 84.3204 3669867 2388881900 480.1539 39485 12.2493% 17.8289% 0 2520153 16322 0.0634 2.1610 1.0426 6.1646 8.0473 
276 1433 21500 15.0035 3671300 2388903400 480.0200 39505 1.5625% 17.8260% 0 2520240 16322 0.1130 2.1604 1.1489 6.1642 9.3253 
277 22638 560080 24.7407 3693938 2389463480 477.9584 39507 16.3458% 17.8256% 0 2520240 16322 0.1267 2.1512 1.1995 6.1574 5.4552 
278 42190 651264 15.4365 3736128 2390114744 474.0877 39508 24.9424% 17.8275% 0 2520240 16322 0.0723 2.1338 1.0000 6.1484 3.0218 
279 387 17408 44.9819 3736515 2390132152 474.0548 40052 10.1960% 17.8261% 0 2520240 16322 4.2171 2.1339 10.1366 6.1488 161.9349 
280 13685 38802432 2835.3987 3750200 2428934584 480.4468 41140 40.2012% 17.9575% 0 2521394 16322 7.1155 2.1474 12.1311 6.1761 273.2363 
281 41030 12264960 298.9266 3791230 2441199544 478.9854 41160 24.9059% 17.9815% 0 2521394 16322 1.4552 2.1418 6.2495 6.1765 58.2055 
282 2686 4567040 1700.3127 3793916 2445766584 479.6288 41480 23.1275% 17.9884% 0 2521534 16322 8.6195 2.1453 12.4741 6.1831 330.9891 
283 3872 7983360 2061.8181 3797788 2453749944 480.8293 41640 15.5107% 17.9835% 0 2521534 16322 4.1322 2.1468 10.6809 6.1869 158.6777 
284 1280 1075000 839.8438 3799068 2454824944 480.9193 42640 17.8153% 17.9834% 0 2521534 16322 4.0000 2.1472 6.8817 6.1872 164.4000 
285 24787 9012800 363.6100 3823855 2463837744 480.3524 42740 10.1334% 17.8902% 0 2534381 16322 1.6911 2.1450 5.5045 6.1842 84.8295 
286 5177 3337216 644.6235 3829032 2467174960 480.5180 42772 8.6155% 17.8819% 0 2534381 16322 2.7815 2.1457 11.1715 6.1879 106.8109 
287 331 4608 13.9215 3829363 2467179568 480.4879 42916 2.7863% 17.8795% 0 2534381 16322 1.3051 2.1456 3.5122 6.1877 50.1172 
288 15707 37269504 2372.7959 3845070 2504449072 486.2588 43492 21.6743% 17.9050% 0 2534381 16322 9.5962 2.1683 11.8172 6.2277 369.2580 
289 19698 8486400 430.8255 3864768 2512935472 486.0476 43542 12.4917% 17.8717% 0 2543080 16322 1.7337 2.1667 6.9865 6.2298 79.1471 
290 1933 2251200 1164.6146 3866701 2515186672 486.3012 43742 15.3232% 17.8695% 0 2543291 16322 5.0698 2.1678 7.5096 6.2307 194.6818 
291 2954 2321152 785.7657 3869655 2517507824 486.4721 43774 10.6536% 17.8653% 0 2543291 16322 1.3541 2.1673 6.9565 6.2309 51.9973 
294 13295 5535968 416.3947 3882950 2534115728 485.2318 43963 6.2448% 17.6566% 0 2543291 16322 2.1409 2.1640 2.7965 6.1571 82.2098 
295 13221 5535968 418.7254 3896171 2539651696 485.0638 44026 6.2429% 17.5992% 0 2543291 16322 2.1552 2.1639 2.9258 6.1400 82.7600 
296 13249 5535968 417.8405 3909420 2545187664 484.8942 44089 6.2458% 17.5427% 0 2543291 16322 2.1483 2.1639 2.8220 6.1220 82.4952 
297 13226 5535968 418.5671 3922646 2550723632 484.7274 44152 6.2428% 17.4866% 0 2543291 16322 2.1544 2.1639 2.8220 6.1041 82.7287 
300 13353 5535968 414.5861 3935999 2567331536 484.2137 44341 6.2446% 17.3209% 0 2543291 16322 2.1316 2.1637 2.8198 6.0542 81.8527 
304 13325 5535968 415.4573 3949324 2589475408 483.5439 44593 6.2453% 17.1079% 0 2543291 16322 2.1361 2.1635 2.7815 5.9904 82.0247 
305 13268 5535968 417.2421 3962592 2595011376 483.3801 44656 6.2421% 17.0559% 0 2543291 16322 2.1476 2.1635 2.8887 5.9746 82.4668 
307 13272 5535968 417.1163 3975864 2606083312 483.0530 44782 6.2395% 16.9535% 0 2543291 16322 2.1469 2.1634 2.9144 5.9434 82.4420 
308 2986 224064 75.0382 3978850 2606307376 482.8273 44798 6.2338% 16.9521% 0 2543291 16322 0.4072 2.1624 5.1092 5.9433 16.1007 
309 268843 406624 1.5125 4247693 2606714000 459.9931 44799 1.6167% 16.9282% 0 2543291 16322 0.0317 2.0613 1.0000 5.9220 1.2192 
310 12760 80736 6.3273 4260453 2606794736 458.9738 44801 6.1610% 16.9266% 0 2543291 16322 0.0301 2.0568 1.0549 5.9211 1.1556 
317 7985 80736 10.1110 4268438 2607359888 454.5898 44815 6.1073% 16.9196% 0 2543291 16322 0.0481 2.0371 1.0323 5.9147 1.8467 
322 8104 80736 9.9625 4276542 2607763568 451.5068 44825 6.0718% 16.9146% 0 2543291 16322 0.0474 2.0233 1.0726 5.9103 1.8195 
325 7976 80736 10.1224 4284518 2608005776 449.6839 44831 6.1072% 16.9117% 0 2543291 16322 0.0481 2.0152 1.0159 5.9075 1.8487 
326 6531 553648 84.7723 4291049 2608559424 449.2734 44847 10.7858% 16.9102% 0 2543291 16322 0.0208 2.0129 1.0303 5.9072 1.5052 
