1 109268 120043008 1098.6108 109268 120043008 1098.6108 144 22.5026% 22.5026% 0 89074 0 1.2660 1.2660 4.4403 4.4403 69.1388 
2 29984 120043008 4003.5688 139252 240086016 1724.1118 288 21.9383% 22.3907% 0 89074 0 3.9573 1.8455 14.0554 6.4902 151.9607 
3 9764 5425664 555.6805 149016 245511680 1647.5525 307 23.5179% 22.4086% 0 89074 0 3.1477 1.9308 6.1284 6.4495 122.4049 
4 49760 21111552 424.2675 198776 266623232 1341.3251 595 11.2344% 19.4636% 0 123543 0 2.5718 2.0913 7.5815 6.7602 128.3344 
5 2703 21500 7.9541 201479 266644732 1323.4369 615 1.5625% 19.4003% 0 124990 0 0.0888 2.0644 1.2183 6.7425 6.8191 
6 39582 559580 14.1372 241061 267204312 1108.4510 617 16.3309% 19.3845% 0 124990 0 0.0733 1.7375 1.2119 6.5360 3.1539 
7 65779 638720 9.7101 306840 267843032 872.9078 618 24.9759% 19.4086% 0 124990 0 0.0583 1.3775 1.0000 6.2237 2.3911 
8 2603 17408 6.6877 309443 267860440 865.6213 1162 10.3698% 19.2930% 0 126700 0 0.7192 1.3720 2.2774 6.1765 38.2377 
9 39649 38802432 978.6484 349092 306662872 878.4586 2250 42.4852% 23.1213% 0 155079 0 2.5427 1.5049 8.2427 6.4886 107.6351 
10 66741 11896320 178.2461 415833 318559192 766.0748 2270 24.9982% 23.2478% 0 187047 0 1.1390 1.4462 8.1936 6.6639 46.8112 
11 39011 562628 14.4223 454844 319121820 701.6072 2272 16.1756% 23.2205% 0 187047 0 0.0743 1.3285 1.2109 6.5230 3.1961 
12 27586 639744 23.1909 482430 319761564 662.8145 2273 24.9406% 23.2229% 0 187047 0 0.1389 1.2605 1.0000 6.3036 5.7017 
13 63230 50733568 802.3655 545660 370495132 678.9854 3381 39.9830% 25.5510% 0 208354 0 2.7283 1.4306 7.5159 6.5366 112.3493 
15 38709 1569216 40.5388 584369 372064348 636.6942 3383 46.8144% 25.6220% 0 208354 0 0.1212 1.3439 1.6751 6.4252 4.8986 
16 13263 258060 19.4571 597632 372322408 622.9961 3403 23.2810% 25.5959% 0 214350 0 0.4810 1.3247 3.4431 6.3806 21.2513 
17 31597 53088984 1680.1907 629229 425411392 676.0836 6445 56.1703% 28.4724% 0 229052 0 6.1837 1.5687 12.7979 7.0837 244.4538 
18 29286 21242880 725.3596 658515 446654272 678.2750 6485 46.4202% 29.2463% 0 296979 0 3.3504 1.6480 10.8396 7.3128 133.2186 
19 27502 562628 20.4577 686017 447216900 651.9035 6487 16.3378% 29.2210% 0 296979 0 0.1054 1.5861 1.1633 7.2113 4.5337 
20 55784 639744 11.4682 741801 447856644 603.7423 6488 24.9717% 29.2123% 0 296979 0 0.0687 1.4720 1.0000 7.0574 2.8196 
21 76215 50733568 665.6638 818016 498590212 609.5115 7596 31.9747% 29.3905% 0 298893 0 2.1257 1.5329 8.8932 7.2508 83.6431 
23 8523 4136960 485.3878 826539 502727172 608.2316 7916 24.3088% 29.2767% 0 304077 0 5.5098 1.5739 11.5836 7.3501 221.3080 
24 18816 7672320 407.7551 845355 510399492 603.7694 8076 15.6114% 28.6245% 0 318087 0 1.6369 1.5753 6.3623 7.3238 74.4490 
25 22711 27557960 1213.4191 868066 537957452 619.7195 8139 24.7173% 28.4649% 0 318187 0 6.3202 1.6995 10.8159 7.5613 260.6418 
26 74842 11905280 159.0722 942908 549862732 583.1562 8159 24.9743% 28.3114% 0 356719 0 0.6852 1.6189 8.1852 7.5807 29.3893 
27 138795 160737568 1158.0934 1081703 710600300 656.9274 10385 40.5713% 30.7339% 0 1180112 2369 5.0630 2.0609 11.6621 8.5207 199.6916 
29 7011 2074400 295.8779 1088714 712674700 654.6023 10585 15.4902% 30.5401% 0 1185855 2369 2.4019 2.0631 7.8435 8.5152 102.7505 
30 2324 2234880 961.6523 1091038 714909580 655.2563 10617 10.8324% 30.5068% 0 1185855 2369 3.4492 2.0660 12.0000 8.5240 133.2434 
31 41653 5907568 141.8282 1132691 720817148 636.3758 10680 6.2488% 29.1232% 0 1190335 2369 1.3788 2.0407 2.1182 7.9283 55.2118 
32 14274 5907568 413.8691 1146965 726724716 633.6068 10743 6.2255% 28.7133% 0 1190335 2369 3.9860 2.0650 4.5564 7.7898 154.8456 
33 13213 5907568 447.1027 1160178 732632284 631.4826 10806 6.2454% 28.3267% 0 1190335 2369 4.2846 2.0902 4.7072 7.6725 164.5303 
34 13208 5907568 447.2719 1173386 738539852 629.4091 10869 6.2248% 27.9534% 0 1190335 2369 4.2910 2.1150 4.8128 7.5698 164.7729 
35 13282 5907568 444.7800 1186668 744447420 627.3427 10932 6.2455% 27.5904% 0 1190335 2369 4.2624 2.1390 4.6900 7.4675 163.6756 
36 13506 5907568 437.4032 1200174 750354988 625.2052 10995 6.2250% 27.2334% 0 1190335 2369 4.1963 2.1622 4.6485 7.3699 161.1373 
37 13235 5907568 446.3595 1213409 756262556 623.2544 11058 6.2456% 26.8950% 0 1190335 2369 4.2775 2.1853 4.7032 7.2818 164.2568 
38 13230 5907568 446.5282 1226639 762170124 621.3483 11121 6.2240% 26.5680% 0 1190335 2369 4.2838 2.2079 4.7225 7.2001 164.4989 
39 13316 5907568 443.6443 1239955 768077692 619.4400 11184 6.2455% 26.2497% 0 1190335 2369 4.2515 2.2298 4.6745 7.1213 163.2577 
40 13230 5907568 446.5282 1253185 773985260 617.6146 11247 6.2261% 25.9427% 0 1190335 2369 4.2838 2.2515 4.7174 7.0492 164.4989 
41 13249 5907568 445.8878 1266434 779892828 615.8179 11310 6.2454% 25.6445% 0 1190335 2369 4.2730 2.2727 4.7044 6.9807 164.0833 
42 13328 5907568 443.2449 1279762 785800396 614.0207 11373 6.2179% 25.3532% 0 1190335 2369 4.2523 2.2933 4.6800 6.9151 163.2893 
43 13304 5907568 444.0445 1293066 791707964 612.2719 11436 6.2456% 25.0715% 0 1190335 2369 4.2553 2.3135 4.6795 6.8531 163.4049 
44 13313 5907568 443.7443 1306379 797615532 610.5545 11499 6.2175% 24.7983% 0 1190335 2369 4.2571 2.3333 4.7123 6.7957 163.4733 
45 13361 5907568 442.1501 1319740 803523100 608.8495 11562 6.2455% 24.5319% 0 1190335 2369 4.2372 2.3526 4.6931 6.7407 162.7078 
46 13263 5907568 445.4172 1333003 809430668 607.2234 11625 6.2259% 24.2735% 0 1190335 2369 4.2732 2.3717 4.8415 6.6936 164.0896 
47 5981 188160 31.4596 1338984 809618828 604.6516 11641 6.2432% 24.2439% 0 1190335 2369 0.3785 2.3628 3.9929 6.6904 17.0010 
48 172839 347584 2.0110 1511823 809966412 535.7548 11657 1.7274% 23.2377% 0 1190335 2369 0.0530 2.0987 1.0344 6.5863 2.1435 
49 24987 84536 3.3832 1536810 810050948 527.0989 11659 6.1680% 23.2236% 0 1190335 2369 0.0303 2.0651 1.0398 6.5779 1.1649 
50 8269 84536 10.2232 1545079 810135484 524.3327 11661 5.8928% 23.2189% 0 1190335 2369 0.0918 2.0545 1.0705 6.5698 3.5247 
51 8275 84536 10.2158 1553354 810220020 521.5939 11663 5.9309% 23.2142% 0 1190335 2369 0.0917 2.0441 1.0705 6.5618 3.5221 
52 8258 84536 10.2369 1561612 810304556 518.8898 11665 5.9649% 23.2095% 0 1190335 2369 0.0919 2.0337 1.1195 6.5542 3.5294 
53 8314 84536 10.1679 1569926 810389092 516.1957 11667 6.0031% 23.2048% 0 1190335 2369 0.0912 2.0235 1.0813 6.5463 3.5010 
54 8274 84536 10.2171 1578200 810473628 513.5430 11669 5.8955% 23.2001% 0 1190335 2369 0.0917 2.0133 1.0705 6.5383 3.5226 
55 8261 84536 10.2331 1586461 810558164 510.9222 11671 5.9267% 23.1954% 0 1190335 2369 0.0919 2.0033 1.1162 6.5307 3.5281 
56 8255 84536 10.2406 1594716 810642700 508.3304 11673 5.9656% 23.1908% 0 1190335 2369 0.0919 1.9934 1.0690 6.5227 3.5307 
57 8307 84536 10.1765 1603023 810727236 505.7490 11675 6.0025% 23.1861% 0 1190335 2369 0.0912 1.9836 1.0706 6.5148 3.5039 
58 8272 84536 10.2195 1611295 810811772 503.2050 11677 5.8906% 23.1814% 0 1190335 2369 0.0918 1.9739 1.1278 6.5074 3.5234 
59 8270 84536 10.2220 1619565 810896308 500.6877 11679 5.9311% 23.1767% 0 1190335 2369 0.0918 1.9642 1.1211 6.5000 3.5243 
60 8270 84536 10.2220 1627835 810980844 498.1960 11681 5.9652% 23.1720% 0 1190335 2369 0.0918 1.9547 1.0736 6.4921 3.5243 
61 8307 84536 10.1765 1636142 811065380 495.7182 11683 6.0025% 23.1673% 0 1190335 2369 0.0912 1.9453 1.0706 6.4843 3.5039 
62 8257 84536 10.2381 1644399 811149916 493.2805 11685 5.8948% 23.1627% 0 1190335 2369 0.0919 1.9360 1.1016 6.4768 3.5298 
63 8256 84536 10.2393 1652655 811234452 490.8674 11687 5.9281% 23.1580% 0 1190335 2369 0.0919 1.9268 1.1244 6.4694 3.5302 
64 8277 84536 10.2134 1660932 811318988 488.4721 11689 5.9666% 23.1533% 0 1190335 2369 0.0917 1.9176 1.0705 6.4617 3.5213 
65 11899 536624 45.0982 1672831 811855612 485.3184 11705 12.4073% 23.1200% 0 1190771 2369 0.0350 1.9042 1.0426 6.4573 4.1308 
66 11033 562628 50.9950 1683864 812418240 482.4726 11707 18.8543% 23.1188% 0 1190771 2369 0.2522 1.8934 1.0014 6.4267 9.6861 
67 67639 639744 9.4582 1751503 813057984 464.2059 11708 24.9762% 23.1209% 0 1190771 2369 0.0567 1.8225 1.0000 6.3851 2.3254 
68 80471 50733568 630.4578 1831974 863791552 471.5086 12816 33.0836% 23.3769% 0 1191669 2369 2.0066 1.8306 8.9772 6.4751 78.2001 
70 3668 4136960 1127.8517 1835642 867928512 472.8201 13136 21.5737% 23.3692% 0 1192929 2369 12.6063 1.8521 17.2924 6.5307 484.0829 
71 3262 7672320 2352.0295 1838904 875600832 476.1536 13296 15.4785% 23.3383% 0 1192929 2369 8.8289 1.8645 15.1979 6.5621 339.0313 
72 46017 27557960 598.8647 1884921 903158792 479.1494 13359 24.1772% 23.3542% 0 1197685 2369 3.0549 1.8935 12.8347 6.6909 118.7590 
73 74338 11905280 160.1507 1959259 915064072 467.0460 13379 24.9192% 23.3799% 0 1198449 2369 0.6804 1.8475 6.5442 6.6888 28.1422 
74 111738 160737280 1438.5194 2070997 1075801352 519.4606 15605 40.5546% 24.6026% 0 1709713 2369 6.2470 2.0849 13.2216 7.2695 241.7669 
76 3494 2074400 593.7035 2074491 1077875752 519.5856 15805 14.0670% 24.5695% 0 1711281 2369 4.6365 2.0892 8.3851 7.2731 178.0424 
77 2309 2234880 967.8995 2076800 1080110632 520.0840 15837 10.7560% 24.5554% 0 1711281 2369 3.4695 2.0907 12.7159 7.2789 133.7764 
78 36505 5907568 161.8290 2113305 1086018200 513.8956 15900 6.2484% 23.9923% 0 1711281 2369 1.5508 2.0814 2.0491 7.0474 59.5518 
79 13283 5907568 444.7465 2126588 1091925768 513.4637 15963 6.2218% 23.7964% 0 1711281 2369 4.2667 2.0950 4.6955 7.0028 163.8425 
80 13263 5907568 445.4172 2139851 1097833336 513.0419 16026 6.2454% 23.6057% 0 1711281 2369 4.2685 2.1085 4.7343 6.9609 163.9101 
81 13215 5907568 447.0350 2153066 1103740904 512.6368 16089 6.2223% 23.4199% 0 1711281 2369 4.2887 2.1219 4.7363 6.9206 164.6856 
82 13323 5907568 443.4113 2166389 1109648472 512.2111 16152 6.2454% 23.2363% 0 1711281 2369 4.2493 2.1350 4.7454 6.8820 163.1719 
83 13139 5907568 449.6208 2179528 1115556040 511.8338 16215 6.2188% 23.0585% 0 1711281 2369 4.3135 2.1481 4.7459 6.8447 165.6382 
84 13280 5907568 444.8470 2192808 1121463608 511.4281 16278 6.2455% 22.8825% 0 1711281 2369 4.2630 2.1609 4.7209 6.8081 163.7002 
85 13242 5907568 446.1235 2206050 1127371176 511.0361 16341 6.2177% 22.7114% 0 1711281 2369 4.2799 2.1736 4.7029 6.7723 164.3498 
86 13325 5907568 443.3447 2219375 1133278744 510.6297 16404 6.2454% 22.5425% 0 1711281 2369 4.2486 2.1861 4.6834 6.7372 163.1474 
87 13208 5907568 447.2719 2232583 1139186312 510.2549 16467 6.2215% 22.3787% 0 1711281 2369 4.2910 2.1985 4.7174 6.7041 164.7729 
88 13376 5907568 441.6543 2245959 1145093880 509.8463 16530 6.2456% 22.2163% 0 1711281 2369 4.2324 2.2106 4.6580 6.6706 162.5254 
89 13366 5907568 441.9847 2259325 1151001448 509.4449 16593 6.2212% 22.0569% 0 1711281 2369 4.2402 2.2226 4.6738 6.6386 162.8251 
90 13282 5907568 444.7800 2272607 1156909016 509.0669 16656 6.2455% 21.9016% 0 1711281 2369 4.2624 2.2346 4.7134 6.6085 163.6756 
91 13307 5907568 443.9444 2285914 1162816584 508.6878 16719 6.2282% 21.7485% 0 1711281 2369 4.2590 2.2464 4.6932 6.5789 163.5470 
92 13246 5907568 445.9888 2299160 1168724152 508.3266 16782 6.2454% 21.5996% 0 1711281 2369 4.2740 2.2580 4.7107 6.5506 164.1204 
93 13290 5907568 444.5123 2312450 1174631720 507.9598 16845 6.2279% 21.4522% 0 1711281 2369 4.2645 2.2696 4.6854 6.5225 163.7562 
94 5948 188160 31.6342 2318398 1174819880 506.7378 16861 6.2320% 21.4387% 0 1711281 2369 0.3753 2.2647 3.4286 6.5200 16.2690 
95 172743 347584 2.0121 2491141 1175167464 471.7386 16877 1.6991% 20.8356% 0 1711281 2369 0.0529 2.1113 1.0430 6.4611 2.1180 
96 25359 84536 3.3336 2516500 1175252000 467.0185 16879 6.1657% 20.8272% 0 1711281 2369 0.0299 2.0904 1.0174 6.4561 1.1478 
97 8269 84536 10.2232 2524769 1175336536 465.5224 16881 5.8928% 20.8244% 0 1711281 2369 0.0918 2.0838 1.0705 6.4514 3.5247 
98 8273 84536 10.2183 2533042 1175421072 464.0354 16883 5.9305% 20.8216% 0 1711281 2369 0.0917 2.0773 1.1228 6.4470 3.5230 
99 8272 84536 10.2195 2541314 1175505608 462.5582 16885 5.9668% 20.8188% 0 1711281 2369 0.0918 2.0708 1.1211 6.4426 3.5234 
100 8312 84536 10.1704 2549626 1175590144 461.0834 16887 6.0027% 20.8160% 0 1711281 2369 0.0912 2.0644 1.1163 6.4382 3.5018 
101 8267 84536 10.2257 2557893 1175674680 459.6262 16889 5.8924% 20.8132% 0 1711281 2369 0.0918 2.0580 1.0736 6.4335 3.5255 
102 8304 84536 10.1802 2566197 1175759216 458.1718 16891 5.9149% 20.8104% 0 1711281 2369 0.0914 2.0517 1.0705 6.4289 3.5098 
103 8272 84536 10.2195 2574469 1175843752 456.7325 16893 5.9655% 20.8077% 0 1711281 2369 0.0918 2.0454 1.0705 6.4243 3.5234 
104 8300 84536 10.1851 2582769 1175928288 455.2975 16895 6.0028% 20.8049% 0 1711281 2369 0.0913 2.0391 1.0737 6.4197 3.5069 
105 8252 84536 10.2443 2591021 1176012824 453.8801 16897 5.8923% 20.8021% 0 1711281 2369 0.0920 2.0329 1.1345 6.4154 3.5319 
106 8294 84536 10.1924 2599315 1176097360 452.4644 16899 5.9167% 20.7993% 0 1711281 2369 0.0915 2.0267 1.1162 6.4110 3.5141 
107 8270 84536 10.2220 2607585 1176181896 451.0618 16901 5.9657% 20.7966% 0 1711281 2369 0.0918 2.0205 1.0705 6.4064 3.5243 
108 8312 84536 10.1704 2615897 1176266432 449.6609 16903 6.0031% 20.7938% 0 1711281 2369 0.0912 2.0144 1.0706 6.4018 3.5018 
109 8286 84536 10.2023 2624183 1176350968 448.2732 16905 5.8745% 20.7910% 0 1711281 2369 0.0916 2.0083 1.1379 6.3975 3.5175 
110 8265 84536 10.2282 2632448 1176435504 446.8979 16907 5.9312% 20.7882% 0 1711281 2369 0.0918 2.0023 1.0812 6.3930 3.5264 
111 8272 84536 10.2195 2640720 1176520040 445.5300 16909 5.9668% 20.7855% 0 1711281 2369 0.0918 1.9963 1.1211 6.3887 3.5234 
112 12264 536624 43.7560 2652984 1177056664 443.6727 16925 12.2126% 20.7704% 0 1711683 2369 0.0280 1.9872 1.0552 6.3866 3.1061 
113 3180 21500 6.7610 2656164 1177078164 443.1497 16945 1.5625% 20.7578% 0 1712009 2369 0.0730 1.9849 1.1777 6.3853 5.4098 
114 40760 559580 13.7287 2696924 1177637744 436.6596 16947 16.1777% 20.7536% 0 1712009 2369 0.0711 1.9560 1.1940 6.3701 3.0590 
115 67870 638720 9.4109 2764794 1178276464 426.1715 16948 24.9764% 20.7569% 0 1712009 2369 0.0565 1.9094 1.0000 6.3454 2.3175 
116 386 17408 45.0984 2765180 1178293872 426.1183 17492 10.1933% 20.7535% 0 1712009 2369 4.2280 1.9097 10.3949 6.3461 162.3544 
117 15552 38802432 2495.0125 2780732 1217096304 437.6892 18580 39.1838% 20.9670% 0 1717349 2369 6.2613 1.9341 9.1596 6.3816 240.4346 
118 66812 11896320 178.0566 2847544 1228992624 431.5974 18600 24.9419% 21.0070% 0 1718181 2369 1.0122 1.9124 5.4477 6.3681 40.7105 
119 3652 4136960 1132.7930 2851196 1233129584 432.4955 18920 21.6057% 21.0088% 0 1719490 2369 12.6616 1.9262 17.2989 6.4021 486.2037 
120 3245 7672320 2364.3513 2854441 1240801904 434.6917 19080 15.4744% 20.9938% 0 1719490 2369 8.8752 1.9341 15.5424 6.4218 340.8074 
121 1761 1075000 610.4486 2856202 1241876904 434.8001 20080 18.0093% 20.9899% 0 1719490 2369 4.6383 1.9358 7.0841 6.4227 189.0998 
122 40786 8977800 220.1196 2896988 1250854704 431.7776 20180 10.1798% 20.6294% 0 1748185 2369 1.0664 1.9235 5.9754 6.4190 53.1524 
123 4645 3291136 708.5330 2901633 1254145840 432.2207 20212 8.6983% 20.6137% 0 1748185 2369 3.7201 1.9264 11.8926 6.4281 142.8530 
124 331 4608 13.9215 2901964 1254150448 432.1730 20356 2.7863% 20.6091% 0 1748185 2369 1.3051 1.9263 3.6610 6.4277 50.1172 
125 34071 37269504 1093.8776 2936035 1291419952 439.8517 20932 22.3142% 20.6549% 0 1762579 2369 4.4866 1.9560 11.4556 6.5037 179.8605 
126 31926 8384000 262.6073 2967961 1299803952 437.9451 20982 12.4952% 20.5240% 0 1788459 2369 1.1683 1.9476 7.6356 6.5099 52.4413 
127 2760 2074400 751.5942 2970721 1301878352 438.2365 21182 14.5010% 20.5130% 0 1789392 2369 5.8696 1.9512 9.2890 6.5154 225.3913 
128 2327 2234880 960.4125 2973048 1304113232 438.6452 21214 10.8252% 20.5059% 0 1789392 2369 3.4448 1.9524 11.8580 6.5194 133.0716 
129 37201 5907568 158.8013 3010249 1310020800 435.1869 21277 6.2484% 20.1821% 0 1789392 2369 1.5218 1.9471 2.0397 6.3840 58.4377 
130 13290 5907568 444.5123 3023539 1315928368 435.2278 21340 6.2255% 20.0709% 0 1789392 2369 4.2645 1.9572 4.6843 6.3619 163.7562 
131 13280 5907568 444.8470 3036819 1321835936 435.2699 21403 6.2455% 19.9618% 0 1789392 2369 4.2630 1.9673 4.7044 6.3407 163.7002 
132 13165 5907568 448.7328 3049984 1327743504 435.3280 21466 6.2211% 19.8551% 0 1789392 2369 4.3050 1.9774 4.8132 6.3219 165.3111 
133 13304 5907568 444.0445 3063288 1333651072 435.3659 21529 6.2454% 19.7490% 0 1789392 2369 4.2553 1.9873 4.6799 6.3013 163.4049 
134 13218 5907568 446.9336 3076506 1339558640 435.4156 21592 6.2185% 19.6455% 0 1789392 2369 4.2877 1.9972 4.6947 6.2815 164.6482 
135 13317 5907568 443.6110 3089823 1345466208 435.4509 21655 6.2456% 19.5428% 0 1789392 2369 4.2512 2.0069 4.6811 6.2619 163.2454 
136 13191 5907568 447.8484 3103014 1351373776 435.5036 21718 6.2192% 19.4422% 0 1789392 2369 4.2965 2.0166 4.7049 6.2432 164.9852 
137 13287 5907568 444.6126 3116301 1357281344 435.5424 21781 6.2456% 19.3426% 0 1789392 2369 4.2608 2.0262 4.7419 6.2256 163.6140 
138 13381 5907568 441.4893 3129682 1363188912 435.5678 21844 6.2249% 19.2443% 0 1789392 2369 4.2355 2.0357 4.7206 6.2080 162.6426 
139 13246 5907568 445.9888 3142928 1369096480 435.6118 21907 6.2456% 19.1478% 0 1789392 2369 4.2740 2.0451 4.6912 6.1903 164.1204 
140 13112 5907568 450.5467 3156040 1375004048 435.6738 21970 6.2189% 19.0536% 0 1789392 2369 4.3224 2.0545 4.7522 6.1740 165.9793 
141 13304 5907568 444.0445 3169344 1380911616 435.7090 22033 6.2455% 18.9595% 0 1789392 2369 4.2553 2.0638 4.6939 6.1572 163.4049 
142 13323 5907568 443.4113 3182667 1386819184 435.7412 22096 6.2317% 18.8665% 0 1789392 2369 4.2539 2.0730 4.7486 6.1415 163.3506 
143 13301 5907568 444.1447 3195968 1392726752 435.7762 22159 6.2456% 18.7754% 0 1789392 2369 4.2563 2.0820 4.7048 6.1256 163.4418 
144 13400 5907568 440.8633 3209368 1398634320 435.7975 22222 6.2244% 18.6847% 0 1789392 2369 4.2295 2.0910 4.6615 6.1094 162.4119 
145 5992 188160 31.4019 3215360 1398822480 435.0438 22238 6.2440% 18.6743% 0 1789748 2369 0.3778 2.0878 3.9170 6.1083 16.9698 
146 172575 347584 2.0141 3387935 1399170064 412.9861 22254 1.7273% 18.2807% 0 1789748 2369 0.0531 1.9842 1.0790 6.0697 2.1468 
147 25316 84536 3.3392 3413251 1399254600 409.9478 22256 6.1648% 18.2755% 0 1789748 2369 0.0299 1.9697 1.0202 6.0663 1.1498 
148 8267 84536 10.2257 3421518 1399339136 408.9820 22258 5.8938% 18.2738% 0 1789748 2369 0.0918 1.9651 1.0705 6.0631 3.5255 
149 8256 84536 10.2393 3429774 1399423672 408.0221 22260 5.9281% 18.2721% 0 1789748 2369 0.0919 1.9606 1.1244 6.0601 3.5302 
150 8275 84536 10.2158 3438049 1399508208 407.0647 22262 5.9647% 18.2703% 0 1789748 2369 0.0917 1.9561 1.1278 6.0571 3.5221 
151 8290 84536 10.1973 3446339 1399592744 406.1100 22264 6.0023% 18.2686% 0 1789748 2369 0.0914 1.9516 1.0970 6.0540 3.5111 
152 8255 84536 10.2406 3454594 1399677280 405.1641 22266 5.8922% 18.2668% 0 1789748 2369 0.0919 1.9472 1.1195 6.0510 3.5307 
153 8304 84536 10.1802 3462898 1399761816 404.2169 22268 5.9142% 18.2651% 0 1789748 2369 0.0914 1.9428 1.0705 6.0478 3.5098 
154 8270 84536 10.2220 3471168 1399846352 403.2782 22270 5.9654% 18.2633% 0 1789748 2369 0.0918 1.9383 1.0952 6.0448 3.5243 
155 8304 84536 10.1802 3479472 1399930888 402.3400 22272 6.0027% 18.2616% 0 1789748 2369 0.0913 1.9339 1.0737 6.0416 3.5052 
156 8255 84536 10.2406 3487727 1400015424 401.4120 22274 5.8916% 18.2598% 0 1789748 2369 0.0919 1.9296 1.1244 6.0386 3.5307 
157 8304 84536 10.1802 3496031 1400099960 400.4827 22276 5.9161% 18.2581% 0 1789748 2369 0.0914 1.9252 1.0921 6.0355 3.5098 
158 8255 84536 10.2406 3504286 1400184496 399.5634 22278 5.9653% 18.2563% 0 1789748 2369 0.0919 1.9209 1.1345 6.0326 3.5307 
159 8312 84536 10.1704 3512598 1400269032 398.6420 22280 5.9943% 18.2546% 0 1789748 2369 0.0912 1.9166 1.0706 6.0295 3.5018 
160 8260 84536 10.2344 3520858 1400353568 397.7308 22282 5.8898% 18.2529% 0 1789748 2369 0.0919 1.9123 1.1162 6.0265 3.5285 
161 8270 84536 10.2220 3529128 1400438104 396.8227 22284 5.9285% 18.2511% 0 1789748 2369 0.0918 1.9080 1.0766 6.0233 3.5243 
162 8272 84536 10.2195 3537400 1400522640 395.9186 22286 5.9662% 18.2494% 0 1789748 2369 0.0918 1.9038 1.0705 6.0202 3.5234 
163 11898 536624 45.1020 3549298 1401059264 394.7426 22302 12.3958% 18.2399% 0 1790184 2369 0.0350 1.8975 1.0452 6.0184 4.1311 
164 69768 27839232 399.0258 3619066 1428898496 394.8252 22590 11.2499% 17.9231% 0 1846482 2369 1.1512 1.8831 5.0452 6.0048 57.9456 
165 9985 27839232 2788.1055 3629051 1456737728 401.4101 22878 11.1889% 17.8839% 0 1846482 2369 7.2108 1.8978 13.9481 6.0407 276.8953 
166 10815 6024704 557.0693 3639866 1462762432 401.8726 22897 24.0298% 17.8936% 0 1846482 2369 1.4291 1.8964 3.5239 6.0311 56.4549 
167 59361 21664512 364.9620 3699227 1484426944 401.2803 23185 11.2500% 17.6489% 0 1889713 2369 1.3908 1.8883 5.3712 6.0224 79.4898 
168 2192 21500 9.8084 3701419 1484448444 401.0485 23205 1.5625% 17.6435% 0 1890857 2369 0.0730 1.8872 1.1268 6.0218 5.9562 
169 41087 560080 13.6316 3742506 1485008524 396.7952 23207 16.3659% 17.6427% 0 1890857 2369 0.0699 1.8672 1.1953 6.0118 3.0132 
170 69550 651264 9.3640 3812056 1485659788 389.7267 23208 24.9624% 17.6466% 0 1890857 2369 0.0439 1.8340 1.0000 5.9987 1.8330 
171 387 17408 44.9819 3812443 1485677196 389.6917 23752 10.1940% 17.6449% 0 1890857 2369 4.2171 1.8342 10.0123 5.9992 161.9349 
172 15820 38802432 2452.7454 3828263 1524479628 398.2170 24840 38.9611% 17.8229% 0 1895732 2369 6.1552 1.8521 9.0088 6.0269 236.3615 
173 68016 12264960 180.3246 3896279 1536744588 394.4134 24860 24.9983% 17.8973% 0 1929983 2369 0.9492 1.8363 8.5737 6.0431 39.5653 
174 38963 563128 14.4529 3935242 1537307716 390.6514 24862 15.9857% 17.8962% 0 1929983 2369 0.0736 1.8189 1.2134 6.0335 3.1616 
175 29015 652288 22.4811 3964257 1537960004 387.9567 24863 24.9285% 17.8978% 0 1929983 2369 0.1051 1.8063 1.0000 6.0206 4.3939 
176 39784 51102208 1284.4915 4004041 1589062212 396.8646 25971 35.2135% 18.0616% 0 1929983 2369 3.9629 1.8277 8.4130 6.0577 154.5729 
178 38547 1581760 41.0346 4042588 1590643972 393.4717 25973 46.8069% 18.0783% 0 1929983 2369 0.1014 1.8113 1.6940 6.0494 4.1382 
179 12119 258560 21.3351 4054707 1590902532 392.3594 25993 22.5747% 18.0864% 0 1935827 2369 0.5240 1.8074 3.4681 6.0455 23.1623 
180 17879 53088984 2969.3486 4072586 1643991516 403.6726 29035 52.4200% 18.4158% 0 1949189 2369 10.8160 1.8470 13.2370 6.1311 416.9060 
181 30482 23158080 759.7297 4103068 1667149596 406.3178 29075 46.3326% 18.6665% 0 2012935 2369 2.8515 1.8544 10.6494 6.1610 113.8823 
182 19066 563128 29.5357 4122134 1667712724 404.5751 29077 16.3750% 18.6659% 0 2012935 2369 0.1503 1.8466 1.0010 6.1490 6.4611 
183 52083 652288 12.5240 4174217 1668365012 399.6833 29078 24.9560% 18.6684% 0 2012935 2369 0.0586 1.8243 1.0000 6.1364 2.4507 
184 47215 51102208 1082.3300 4221432 1719467220 407.3185 30186 34.8772% 18.8255% 0 2013789 2369 3.2579 1.8403 8.8530 6.1739 127.1222 
186 9173 4567040 497.8786 4230605 1724034260 407.5148 30506 24.7946% 18.8552% 0 2019162 2369 2.6024 1.8419 5.7872 6.1726 108.9751 
187 20783 7983360 384.1293 4251388 1732017620 407.4005 30666 15.6150% 18.8168% 0 2033145 2369 0.8661 1.8372 3.4503 6.1614 44.3439 
188 24188 27582960 1140.3572 4275576 1759600580 411.5470 30729 23.7592% 18.8654% 0 2036262 2369 5.8653 1.8600 9.8201 6.2026 241.2843 
189 75946 11951360 157.3665 4351522 1771551940 407.1109 30749 24.9758% 18.9308% 0 2074022 2369 0.6373 1.8386 7.7490 6.2101 27.5059 
190 115214 160839680 1396.0082 4466736 1932391620 432.6183 32975 37.3273% 19.7482% 0 2719751 2369 6.0466 1.9472 12.6029 6.4731 236.5459 
192 7873 2251200 285.9393 4474609 1934642820 432.3602 33175 15.5823% 19.7310% 0 2725165 2369 1.3362 1.9461 4.5325 6.4698 61.8458 
193 2954 2321152 785.7657 4477563 1936963972 432.5934 33207 10.6436% 19.7254% 0 2725165 2369 1.3541 1.9457 6.4412 6.4698 51.9973 
194 41135 5535968 134.5805 4518698 1942499940 429.8805 33270 6.2495% 19.4959% 0 2730110 2369 0.7134 1.9345 1.7583 6.4121 29.8640 
195 14834 5535968 373.1945 4533532 1948035908 429.6950 33333 6.2359% 19.4217% 0 2730110 2369 1.9369 1.9345 2.7126 6.3836 76.2253 
196 13612 5535968 406.6976 4547144 1953571876 429.6261 33396 6.2441% 19.3499% 0 2730110 2369 2.0910 1.9350 2.7979 6.3572 80.2953 
197 13569 5535968 407.9865 4560713 1959107844 429.5617 33459 6.2333% 19.2791% 0 2730110 2369 2.0999 1.9354 2.7862 6.3310 80.6375 
198 13595 5535968 407.2062 4574308 1964643812 429.4953 33522 6.2446% 19.2087% 0 2730110 2369 2.0936 1.9359 2.8480 6.3062 80.3957 
199 13496 5535968 410.1932 4587804 1970179780 429.4385 33585 6.2394% 19.1395% 0 2730110 2369 2.1113 1.9364 2.8043 6.2811 81.0736 
200 13614 5535968 406.6379 4601418 1975715748 429.3711 33648 6.2450% 19.0706% 0 2730110 2369 2.0907 1.9369 2.8015 6.2563 80.2835 
201 13518 5535968 409.5257 4614936 1981251716 429.3129 33711 6.2346% 19.0028% 0 2730110 2369 2.1079 1.9374 2.9007 6.2333 80.9417 
202 13566 5535968 408.0767 4628502 1986787684 429.2507 33774 6.2440% 18.9353% 0 2730110 2369 2.0981 1.9379 2.7559 6.2084 80.5675 
203 13629 5535968 406.1903 4642131 1992323652 429.1830 33837 6.2321% 18.8690% 0 2730110 2369 2.0907 1.9383 2.8372 6.1851 80.2825 
204 13593 5535968 407.2661 4655724 1997859620 429.1190 33900 6.2448% 18.8032% 0 2730110 2369 2.0939 1.9388 2.8667 6.1626 80.4075 
205 13543 5535968 408.7697 4669267 2003395588 429.0600 33963 6.2348% 18.7380% 0 2730110 2369 2.1040 1.9392 2.8663 6.1404 80.7923 
206 13590 5535968 407.3560 4682857 2008931556 428.9970 34026 6.2446% 18.6735% 0 2730110 2369 2.0944 1.9397 2.8198 6.1178 80.4253 
207 13559 5535968 408.2873 4696416 2014467524 428.9372 34089 6.2327% 18.6096% 0 2730110 2369 2.1015 1.9402 2.7775 6.0949 80.6969 
208 13600 5535968 407.0565 4710016 2020003492 428.8740 34152 6.2448% 18.5464% 0 2730110 2369 2.0929 1.9406 2.8051 6.0727 80.3661 
209 13511 5535968 409.7379 4723527 2025539460 428.8193 34215 6.2330% 18.4839% 0 2730110 2369 2.1089 1.9411 2.9485 6.0528 80.9836 
210 4816 224064 46.5249 4728343 2025763524 428.4299 34231 6.2449% 18.4781% 0 2730110 2369 0.2699 1.9394 2.8322 6.0518 12.6618 
211 284249 406624 1.4305 5012592 2026170148 404.2160 34232 1.6588% 18.4491% 0 2730110 2369 0.0299 1.8311 1.0000 6.0236 1.1532 
212 23554 80736 3.4277 5036146 2026250884 402.3416 34234 6.2017% 18.4456% 0 2730110 2369 0.0163 1.8226 1.1163 6.0225 0.6260 
213 8294 80736 9.7343 5044440 2026331620 401.6960 34236 5.9054% 18.4443% 0 2730110 2369 0.0464 1.8197 1.0724 6.0214 1.7825 
214 7979 80736 10.1186 5052419 2026412356 401.0777 34238 6.1072% 18.4432% 0 2730110 2369 0.0481 1.8169 1.0521 6.0202 1.8481 
215 8296 80736 9.7319 5060715 2026493092 400.4361 34240 5.9850% 18.4419% 0 2730110 2369 0.0464 1.8140 1.0724 6.0190 1.7821 
216 8404 80736 9.6069 5069119 2026573828 399.7882 34242 5.9881% 18.4407% 0 2730110 2369 0.0457 1.8111 1.0726 6.0178 1.7546 
217 7981 80736 10.1160 5077100 2026654564 399.1756 34244 6.1072% 18.4395% 0 2730110 2369 0.0481 1.8083 1.0323 6.0166 1.8476 
218 8288 80736 9.7413 5085388 2026735300 398.5410 34246 5.9454% 18.4382% 0 2730110 2369 0.0465 1.8054 1.0158 6.0154 1.7838 
219 7979 80736 10.1186 5093367 2026816036 397.9324 34248 6.1072% 18.4370% 0 2730110 2369 0.0481 1.8027 1.0726 6.0142 1.8481 
220 8290 80736 9.7390 5101657 2026896772 397.3017 34250 6.0264% 18.4358% 0 2730110 2369 0.0463 1.7998 1.0521 6.0130 1.7787 
221 8290 80736 9.7390 5109947 2026977508 396.6729 34252 5.9048% 18.4345% 0 2730110 2369 0.0464 1.7970 1.0158 6.0118 1.7834 
222 7979 80736 10.1186 5117926 2027058244 396.0703 34254 6.1068% 18.4333% 0 2730110 2369 0.0481 1.7942 1.0323 6.0106 1.8481 
223 8287 80736 9.7425 5126213 2027138980 395.4457 34256 5.9857% 18.4321% 0 2730110 2369 0.0465 1.7914 1.0606 6.0094 1.7840 
224 8440 80736 9.5659 5134653 2027219716 394.8114 34258 5.9795% 18.4309% 0 2730110 2369 0.0455 1.7885 1.0726 6.0083 1.7471 
225 7980 80736 10.1173 5142633 2027300452 394.2145 34260 6.1070% 18.4297% 0 2730110 2369 0.0481 1.7858 1.0521 6.0071 1.8478 
226 8291 80736 9.7378 5150924 2027381188 393.5956 34262 5.9451% 18.4284% 0 2730110 2369 0.0464 1.7830 1.0158 6.0058 1.7831 
227 7976 80736 10.1224 5158900 2027461924 393.0027 34264 6.1068% 18.4272% 0 2730110 2369 0.0481 1.7804 1.0159 6.0046 1.8487 
228 11957 553648 46.3033 5170857 2028015572 392.2010 34280 12.3737% 18.4202% 0 2730110 2369 0.0348 1.7763 1.0452 6.0033 4.4190 
229 10988 563128 51.2494 5181845 2028578700 391.4781 34282 18.8304% 18.4203% 0 2730110 2369 0.2505 1.7731 1.0000 5.9943 9.6175 
230 69208 652288 9.4250 5251053 2029230988 386.4427 34283 24.9667% 18.4230% 0 2730110 2369 0.0441 1.7503 1.0000 5.9844 1.8421 
231 81929 51102208 623.7377 5332982 2080333196 390.0882 35391 33.2402% 18.5633% 0 2730986 2369 1.8764 1.7522 9.6357 6.0219 73.0870 
233 4114 4567040 1110.1216 5337096 2084900236 390.6432 35711 23.3648% 18.5722% 0 2731426 2369 5.6276 1.7552 9.8940 6.0278 216.1003 
234 3875 7983360 2060.2219 5340971 2092883596 391.8545 35871 15.5092% 18.5665% 0 2731426 2369 4.1290 1.7569 11.1343 6.0325 158.5548 
235 46274 27582960 596.0790 5387245 2120466556 393.6087 35934 24.2226% 18.6109% 0 2736822 2369 3.0091 1.7677 11.9054 6.0763 117.4057 
236 75794 11951360 157.6821 5463039 2132417916 390.3355 35954 24.9504% 18.6564% 0 2738490 2369 0.6320 1.7519 6.2240 6.0770 26.5477 
237 111980 160839680 1436.3251 5575019 2293257596 411.3452 38180 40.4901% 19.2853% 0 3242393 2369 6.2045 1.8414 13.1897 6.3072 240.1114 
239 2513 2251200 895.8217 5577532 2295508796 411.5635 38380 15.0713% 19.2812% 0 3242907 2369 3.8997 1.8423 7.0352 6.3079 149.7493 
240 2953 2321152 786.0319 5580485 2297829948 411.7617 38412 10.6491% 19.2767% 0 3242907 2369 1.3546 1.8420 6.6667 6.3080 52.0149 
241 35149 5535968 157.5000 5615634 2303365916 410.1702 38475 6.2480% 19.1174% 0 3242907 2369 0.8098 1.8356 1.7952 6.2645 31.0956 
242 13529 5535968 409.1927 5629163 2308901884 410.1679 38538 6.2369% 19.0572% 0 3242907 2369 2.1061 1.8362 2.7544 6.2426 80.8759 
243 13613 5535968 406.6678 5642776 2314437852 410.1595 38601 6.2440% 18.9975% 0 3242907 2369 2.0909 1.8369 2.7913 6.2215 80.2894 
244 13541 5535968 408.8301 5656317 2319973820 410.1563 38664 6.2312% 18.9382% 0 3242907 2369 2.1043 1.8375 3.0475 6.2037 80.8042 
245 13600 5535968 407.0565 5669917 2325509788 410.1488 38727 6.2444% 18.8797% 0 3242907 2369 2.0929 1.8381 2.8537 6.1839 80.3661 
246 13521 5535968 409.4348 5683438 2331045756 410.1471 38790 6.2359% 18.8218% 0 3242907 2369 2.1074 1.8387 2.8858 6.1647 80.9237 
247 13586 5535968 407.4759 5697024 2336581724 410.1407 38853 6.2445% 18.7641% 0 3242907 2369 2.0950 1.8394 2.8128 6.1448 80.4489 
248 13624 5535968 406.3394 5710648 2342117692 410.1317 38916 6.2318% 18.7070% 0 3242907 2369 2.0915 1.8400 3.0407 6.1279 80.3119 
249 13590 5535968 407.3560 5724238 2347653660 410.1251 38979 6.2445% 18.6504% 0 3242907 2369 2.0944 1.8406 2.8606 6.1090 80.4253 
250 13519 5535968 409.4954 5737757 2353189628 410.1236 39042 6.2363% 18.5944% 0 3242907 2369 2.1077 1.8412 3.0303 6.0923 80.9357 
251 13552 5535968 408.4982 5751309 2358725596 410.1198 39105 6.2444% 18.5390% 0 3242907 2369 2.1003 1.8418 2.7723 6.0728 80.6508 
252 13615 5535968 406.6080 5764924 2364261564 410.1115 39168 6.2363% 18.4839% 0 3242907 2369 2.0928 1.8424 2.9336 6.0554 80.3650 
253 13645 5535968 405.7140 5778569 2369797532 410.1011 39231 6.2450% 18.4293% 0 3242907 2369 2.0860 1.8430 2.9879 6.0388 80.1011 
254 13538 5535968 408.9207 5792107 2375333500 410.0983 39294 6.2345% 18.3754% 0 3242907 2369 2.1047 1.8436 2.9016 6.0214 80.8221 
255 13552 5535968 408.4982 5805659 2380869468 410.0946 39357 6.2448% 18.3220% 0 3242907 2369 2.1003 1.8442 2.9517 6.0048 80.6508 
256 13590 5535968 407.3560 5819249 2386405436 410.0882 39420 6.2347% 18.2688% 0 3242907 2369 2.0967 1.8448 2.8511 5.9873 80.5128 
257 4816 224064 46.5249 5824065 2386629500 409.7876 39436 6.2449% 18.2640% 0 3242907 2369 0.2699 1.8435 2.8322 5.9865 12.6618 
258 283891 406624 1.4323 6107956 2387036124 390.8077 39437 1.6589% 18.2392% 0 3242907 2369 0.0300 1.7592 1.0000 5.9629 1.1546 
259 23410 80736 3.4488 6131366 2387116860 389.3287 39439 6.2016% 18.2362% 0 3242907 2369 0.0164 1.7525 1.0267 5.9619 0.6299 
260 8287 80736 9.7425 6139653 2387197596 388.8164 39441 5.9055% 18.2352% 0 3242907 2369 0.0465 1.7502 1.0606 5.9609 1.7840 
261 7985 80736 10.1110 6147638 2387278332 388.3245 39443 6.1073% 18.2342% 0 3242907 2369 0.0481 1.7480 1.0323 5.9599 1.8467 
262 8289 80736 9.7401 6155927 2387359068 387.8147 39445 5.9868% 18.2331% 0 3242907 2369 0.0464 1.7457 1.0519 5.9589 1.7836 
263 8404 80736 9.6069 6164331 2387439804 387.2991 39447 5.9887% 18.2320% 0 3242907 2369 0.0457 1.7434 1.0726 5.9579 1.7546 
264 7978 80736 10.1198 6172309 2387520540 386.8116 39449 6.1072% 18.2310% 0 3242907 2369 0.0481 1.7412 1.0726 5.9569 1.8483 
265 8288 80736 9.7413 6180597 2387601276 386.3059 39451 5.9471% 18.2300% 0 3242907 2369 0.0465 1.7389 1.0322 5.9559 1.7838 
266 7976 80736 10.1224 6188573 2387682012 385.8211 39453 6.1072% 18.2290% 0 3242907 2369 0.0481 1.7368 1.0492 5.9549 1.8487 
267 8293 80736 9.7354 6196866 2387762748 385.3178 39455 6.0247% 18.2279% 0 3242907 2369 0.0463 1.7345 1.0492 5.9539 1.7781 
268 8297 80736 9.7307 6205163 2387843484 384.8156 39457 5.9044% 18.2268% 0 3242907 2369 0.0464 1.7322 1.0724 5.9530 1.7818 
269 7985 80736 10.1110 6213148 2387924220 384.3340 39459 6.1073% 18.2258% 0 3242907 2369 0.0481 1.7301 1.0323 5.9520 1.8467 
270 8296 80736 9.7319 6221444 2388004956 383.8345 39461 5.9855% 18.2247% 0 3242907 2369 0.0464 1.7278 1.0784 5.9510 1.7821 
271 8443 80736 9.5625 6229887 2388085692 383.3273 39463 5.9795% 18.2237% 0 3242907 2369 0.0455 1.7256 1.0463 5.9500 1.7465 
272 7985 80736 10.1110 6237872 2388166428 382.8495 39465 6.1071% 18.2227% 0 3242907 2369 0.0481 1.7234 1.0463 5.9490 1.8467 
273 8293 80736 9.7354 6246165 2388247164 382.3541 39467 5.9471% 18.2216% 0 3242907 2369 0.0464 1.7212 1.0322 5.9480 1.7827 
274 7976 80736 10.1224 6254141 2388327900 381.8795 39469 6.1072% 18.2206% 0 3242907 2369 0.0481 1.7190 1.0159 5.9470 1.8487 
275 11959 553648 46.2955 6266100 2388881548 381.2390 39485 12.3638% 18.2147% 0 3242907 2369 0.0348 1.7158 1.0400 5.9459 4.4183 
276 2680 21500 8.0224 6268780 2388903048 381.0794 39505 1.5625% 18.2106% 0 3242907 2369 0.0571 1.7151 1.1333 5.9455 4.4704 
277 40042 560080 13.9873 6308822 2389463128 378.7495 39507 16.2022% 18.2097% 0 3242907 2369 0.0716 1.7047 1.2000 5.9392 3.0841 
278 69158 651264 9.4170 6377980 2390114392 374.7447 39508 24.9720% 18.2122% 0 3242907 2369 0.0441 1.6867 1.0000 5.9309 1.8434 
279 382 17408 45.5707 6378362 2390131800 374.7250 40052 10.1611% 18.2110% 0 3242907 2369 4.2723 1.6868 10.3949 5.9313 164.0545 
280 15231 38802432 2547.5957 6393593 2428934232 379.9013 41140 38.9930% 18.3250% 0 3247471 2369 6.3933 1.6980 9.9110 5.9528 245.5018 
281 68469 12264960 179.1316 6462062 2441199192 377.7740 41160 24.9695% 18.3628% 0 3248376 2369 0.8801 1.6894 5.4127 5.9495 36.1180 
282 4083 4567040 1118.5500 6466145 2445766232 378.2418 41480 23.3978% 18.3708% 0 3248975 2369 5.6703 1.6919 9.7033 5.9544 217.7411 
283 3872 7983360 2061.8181 6470017 2453749592 379.2493 41640 15.5126% 18.3663% 0 3248975 2369 4.1322 1.6934 11.4778 5.9585 158.6777 
284 1510 1075000 711.9205 6471527 2454824592 379.3270 42640 18.5123% 18.3663% 0 3248975 2369 3.3980 1.6938 6.6984 5.9589 140.4779 
285 41777 9012800 215.7359 6513304 2463837392 378.2777 42740 10.0447% 18.2294% 0 3278542 2369 1.0034 1.6893 5.6363 5.9576 50.3308 
286 5433 3337216 614.2492 6518737 2467174608 378.4743 42772 8.5564% 18.2220% 0 3278542 2369 2.6505 1.6901 11.5570 5.9613 101.7780 
287 329 4608 14.0061 6519066 2467179216 378.4559 42916 2.7868% 18.2201% 0 3278542 2369 1.3131 1.6901 3.5702 5.9612 50.4219 
288 19789 37269504 1883.3445 6538855 2504448720 383.0103 43492 21.7606% 18.2421% 0 3278690 2369 7.6168 1.7080 10.6027 5.9966 293.0889 
289 33083 8486400 256.5185 6571938 2512935120 382.3735 43542 12.4949% 18.1947% 0 3314758 2369 1.0323 1.7046 7.0441 5.9993 47.1251 
290 2953 2251200 762.3434 6574891 2515186320 382.5442 43742 14.6186% 18.1909% 0 3315687 2369 3.3187 1.7054 6.6082 5.9998 127.4365 
291 2953 2321152 786.0319 6577844 2517507472 382.7253 43774 10.6452% 18.1874% 0 3315687 2369 1.3546 1.7052 7.2072 6.0002 52.0149 
292 35884 5535968 154.2740 6613728 2523043440 381.4858 43837 6.2482% 18.0568% 0 3315687 2369 0.7932 1.7003 1.4821 5.9542 30.4587 
293 13650 5535968 405.5654 6627378 2528579408 381.5354 43900 6.2344% 18.0081% 0 3315687 2369 2.0875 1.7011 2.9583 5.9390 80.1589 
294 13586 5535968 407.4759 6640964 2534115376 381.5885 43963 6.2443% 17.9600% 0 3315687 2369 2.0950 1.7019 2.8268 5.9226 80.4489 
295 13540 5535968 408.8603 6654504 2539651344 381.6440 44026 6.2356% 17.9123% 0 3315687 2369 2.1044 1.7027 2.8352 5.9064 80.8102 
296 13615 5535968 406.6080 6668119 2545187312 381.6949 44089 6.2442% 17.8649% 0 3315687 2369 2.0906 1.7035 2.7642 5.8896 80.2776 
297 13483 5535968 410.5887 6681602 2550723280 381.7533 44152 6.2353% 17.8183% 0 3315687 2369 2.1133 1.7043 2.8672 5.8742 81.1518 
298 13564 5535968 408.1368 6695166 2556259248 381.8067 44215 6.2442% 17.7719% 0 3315687 2369 2.0984 1.7051 2.7785 5.8579 80.5794 
299 13557 5535968 408.3476 6708723 2561795216 381.8604 44278 6.2334% 17.7258% 0 3315687 2369 2.1018 1.7059 2.8990 5.8430 80.7088 
300 13600 5535968 407.0565 6722323 2567331184 381.9113 44341 6.2441% 17.6800% 0 3315687 2369 2.0929 1.7067 2.8279 5.8276 80.3661 
301 13554 5535968 408.4380 6735877 2572867152 381.9647 44404 6.2370% 17.6346% 0 3315687 2369 2.1023 1.7075 2.8268 5.8123 80.7267 
302 13571 5535968 407.9263 6749448 2578403120 382.0169 44467 6.2441% 17.5896% 0 3315687 2369 2.0973 1.7083 2.8026 5.7970 80.5379 
303 13595 5535968 407.2062 6763043 2583939088 382.0675 44530 6.2332% 17.5448% 0 3315687 2369 2.0959 1.7090 2.8640 5.7824 80.4832 
304 13573 5535968 407.8662 6776616 2589475056 382.1192 44593 6.2448% 17.5005% 0 3315687 2369 2.0970 1.7098 2.7190 5.7664 80.5260 
305 13506 5535968 409.8895 6790122 2595011024 382.1744 44656 6.2350% 17.4566% 0 3315687 2369 2.1097 1.7106 3.0616 5.7539 81.0136 
306 13595 5535968 407.2062 6803717 2600546992 382.2245 44719 6.2440% 17.4128% 0 3315687 2369 2.0936 1.7114 2.7734 5.7389 80.3957 
307 13561 5535968 408.2271 6817278 2606082960 382.2762 44782 6.2333% 17.3694% 0 3315687 2369 2.1012 1.7122 2.9638 5.7258 80.6850 
308 4899 224064 45.7367 6822177 2606307024 382.0345 44798 6.2369% 17.3680% 0 3315687 2369 0.2482 1.7111 5.3805 5.7257 9.8136 
309 284852 406624 1.4275 7107029 2606713648 366.7797 44799 1.6586% 17.3473% 0 3315687 2369 0.0299 1.6437 1.0000 5.7061 1.1507 
310 23648 80736 3.4141 7130677 2606794384 365.5746 44801 6.2020% 17.3448% 0 3315687 2369 0.0162 1.6383 1.0026 5.7052 0.6235 
311 8290 80736 9.7390 7138967 2606875120 365.1614 44803 5.9062% 17.3440% 0 3315687 2369 0.0464 1.6365 1.0322 5.7044 1.7834 
312 7983 80736 10.1135 7146950 2606955856 364.7648 44805 6.1070% 17.3431% 0 3315687 2369 0.0481 1.6347 1.0521 5.7035 1.8471 
313 8289 80736 9.7401 7155239 2607036592 364.3535 44807 5.9852% 17.3423% 0 3315687 2369 0.0464 1.6329 1.0158 5.7027 1.7836 
314 8399 80736 9.6126 7163638 2607117328 363.9376 44809 5.9886% 17.3414% 0 3315687 2369 0.0457 1.6310 1.0608 5.7018 1.7556 
315 7980 80736 10.1173 7171618 2607198064 363.5439 44811 6.1070% 17.3406% 0 3315687 2369 0.0481 1.6292 1.0521 5.7010 1.8478 
316 8288 80736 9.7413 7179906 2607278800 363.1355 44813 5.9457% 17.3397% 0 3315687 2369 0.0465 1.6274 1.0158 5.7002 1.7838 
317 7982 80736 10.1148 7187888 2607359536 362.7435 44815 6.1069% 17.3389% 0 3315687 2369 0.0481 1.6257 1.0726 5.6993 1.8474 
318 8331 80736 9.6910 7196219 2607440272 362.3348 44817 6.0158% 17.3380% 0 3315687 2369 0.0461 1.6238 1.0726 5.6985 1.7700 
319 8297 80736 9.7307 7204516 2607521008 361.9287 44819 5.9042% 17.3371% 0 3315687 2369 0.0464 1.6220 1.0577 5.6977 1.7818 
320 7981 80736 10.1160 7212497 2607601744 361.5394 44821 6.1073% 17.3363% 0 3315687 2369 0.0481 1.6203 1.0787 5.6969 1.8476 
321 8289 80736 9.7401 7220786 2607682480 361.1356 44823 5.9859% 17.3354% 0 3315687 2369 0.0464 1.6185 1.0158 5.6960 1.7836 
322 8397 80736 9.6149 7229183 2607763216 360.7272 44825 5.9889% 17.3346% 0 3315687 2369 0.0457 1.6166 1.0608 5.6952 1.7561 
323 7980 80736 10.1173 7237163 2607843952 360.3406 44827 6.1070% 17.3337% 0 3315687 2369 0.0481 1.6149 1.0521 5.6944 1.8478 
324 8293 80736 9.7354 7245456 2607924688 359.9394 44829 5.9471% 17.3329% 0 3315687 2369 0.0464 1.6131 1.0322 5.6936 1.7827 
325 7980 80736 10.1173 7253436 2608005424 359.5545 44831 6.1070% 17.3320% 0 3315687 2369 0.0481 1.6114 1.0521 5.6927 1.8478 
326 12065 553648 45.8888 7265501 2608559072 359.0336 44847 10.4002% 17.3302% 0 3315687 2369 0.0113 1.6087 1.0543 5.6924 0.8148 
