1 26883 1690992 62.9019 26883 1690992 62.9019 18 3.1246% 3.1246% 0 1755 0 0.3517 0.3517 3.0671 3.0671 21.4776 21.4776 
2 16433 1690992 102.9022 43316 3381984 78.0770 36 3.1245% 3.1246% 0 1755 0 0.5754 0.4366 1.5284 2.0401 35.1355 26.6591 
3 7550 352000 46.6225 50866 3733984 73.4082 38 16.9842% 3.3565% 0 1755 0 0.2560 0.4098 1.0420 1.8737 10.0755 24.1976 
4 22410 1319472 58.8787 73276 5053456 68.9647 56 3.1245% 3.2781% 0 2067 0 0.4177 0.4122 3.3718 2.1729 26.8954 25.0227 
5 1501 21500 14.3238 74777 5074956 67.8679 76 1.5625% 3.2370% 0 2311 0 0.1732 0.4074 1.2745 2.1599 13.3031 24.7874 
6 22294 559580 25.1000 97071 5634536 58.0455 78 16.4549% 3.6884% 0 2311 0 0.1302 0.3437 1.2051 2.0207 5.6065 20.3822 
7 32991 52624 1.5951 130062 5687160 43.7265 79 2.5482% 3.6595% 0 2311 0 0.0098 0.2590 1.0000 2.0011 0.6844 15.3857 
8 1704 17408 10.2160 131766 5704568 43.2932 623 10.5289% 4.2456% 0 3122 0 1.0992 0.2699 2.2621 2.0133 58.4563 15.9427 
9 21507 38568512 1793.3004 153273 44273080 288.8511 1711 42.4695% 25.0998% 0 11924 0 0.7439 0.3364 2.5840 2.1614 47.0791 20.3117 
10 30154 753120 24.9758 183427 45026200 245.4720 1713 16.0812% 24.9295% 0 11924 0 0.1598 0.3074 1.1657 2.0144 6.8156 18.0931 
11 22387 562628 25.1319 205814 45588828 221.5050 1715 16.3812% 24.8151% 0 11924 0 0.1295 0.2880 1.2130 1.9513 5.5695 16.7309 
12 20466 52624 2.5713 226280 45641452 201.7034 1716 2.4471% 24.6741% 0 11924 0 0.0157 0.2634 1.0000 1.9414 1.0995 15.3171 
13 47102 39427168 837.0593 273382 85068620 311.1713 2806 41.8490% 30.7055% 0 21344 0 0.3700 0.2818 1.9296 1.9387 22.8597 16.6166 
15 25055 1510416 60.2840 298437 86579036 290.1083 2808 46.7596% 30.8647% 0 21344 0 0.1286 0.2689 1.8193 1.9336 5.3152 15.6678 
16 7160 258060 36.0419 305597 86837096 284.1556 2828 23.1978% 30.6569% 0 22349 0 0.8911 0.2835 3.5210 2.0000 39.3654 16.2230 
17 24425 53088984 2173.5510 330022 139926080 423.9902 5870 55.6370% 37.2794% 0 27332 0 8.0015 0.8547 14.0480 4.9289 316.3122 38.4327 
18 18389 18132480 986.0504 348411 158058560 453.6555 5910 46.4735% 38.1358% 0 36431 0 3.8371 1.0121 13.5954 5.6495 154.4854 44.5579 
19 17595 562628 31.9766 366006 158621188 433.3841 5912 17.5539% 38.0562% 0 36431 0 0.1648 0.9714 1.0007 5.4433 7.0864 42.7565 
20 20465 52624 2.5714 386471 158673812 410.5710 5913 2.4460% 37.9634% 0 36431 0 0.0157 0.9208 1.0000 5.4215 1.0996 40.5507 
21 33850 39427168 1164.7612 420321 198100980 471.3088 7003 40.2188% 38.1487% 0 36431 0 0.4014 0.8789 2.3648 5.1755 16.0180 38.5750 
23 3517 409440 116.4174 423838 198510420 468.3639 7043 5.8362% 37.6831% 0 37554 0 0.9736 0.8797 2.4615 5.1236 48.5650 38.6578 
24 8682 479520 55.2315 432520 198989940 460.0711 7053 7.8094% 37.3876% 0 37554 0 0.2370 0.8668 2.8986 5.1021 12.2781 38.1283 
25 22230 27557960 1239.6743 454750 226547900 498.1812 7116 24.7079% 35.7740% 0 37554 0 6.4517 1.1398 10.7103 5.9666 265.4730 49.2418 
26 36538 753936 20.6343 491288 227301836 462.6652 7118 16.2037% 35.6356% 0 37554 0 0.0898 1.0617 1.1837 5.8187 4.0777 45.8829 
27 77093 136705568 1773.2552 568381 364007404 640.4285 9298 53.9487% 39.9363% 0 66648 0 2.5246 1.2601 9.6627 6.5240 100.4523 53.2845 
29 2829 403200 142.5239 571210 364410604 637.9626 9348 5.9492% 39.6932% 0 67555 0 0.3864 1.2558 1.9483 6.5007 24.4327 53.1416 
30 8496 139680 16.4407 579706 364550284 628.8537 9350 10.6741% 39.6562% 0 67555 0 0.0649 1.2384 1.4892 6.4840 3.1458 52.4089 
31 25138 5907568 235.0055 604844 370457852 612.4850 9413 6.2484% 36.1507% 0 69200 0 2.2847 1.2818 2.7721 5.8989 91.4845 54.0329 
32 3507 11760 3.3533 608351 370469612 608.9734 9414 6.2389% 36.1437% 0 69200 0 0.0382 1.2747 1.0000 5.8939 1.7300 53.7314 
33 163654 21724 0.1327 772005 370491336 479.9079 9415 1.6566% 35.7687% 0 69200 0 0.0035 1.0052 1.0000 5.8727 0.1415 42.3711 
34 14941 84536 5.6580 786946 370575872 470.9038 9417 6.1324% 35.7110% 0 69200 0 0.0525 0.9871 1.0208 5.8446 2.2154 41.6087 
35 6300 33539 5.3237 793246 370609411 467.2061 9418 12.2904% 35.7013% 0 69200 0 0.0041 0.9793 1.0000 5.8437 0.4876 41.2821 
36 26315 562628 21.3805 819561 371172039 452.8913 9420 22.0886% 35.6730% 0 69200 0 0.1080 0.9513 1.0007 5.7424 4.3996 40.0979 
37 34186 52624 1.5393 853747 371224663 434.8181 9421 2.5165% 35.5982% 0 69200 0 0.0094 0.9136 1.0000 5.7312 0.6582 38.5186 
38 40018 39427168 985.2358 893765 410651831 459.4629 10511 39.5224% 35.7765% 0 69200 0 0.3395 0.8879 2.4348 5.6014 13.5491 37.4006 
40 2146 409440 190.7922 895911 411061271 458.8193 10551 4.7969% 35.6573% 0 69200 0 1.4483 0.8893 3.1844 5.5848 57.1169 37.4478 
41 5263 479520 91.1115 901174 411540791 456.6718 10561 7.8074% 35.5661% 0 69200 0 0.3895 0.8863 2.2803 5.5641 20.1376 37.3467 
42 22597 27557960 1219.5406 923771 439098751 475.3329 10624 24.4392% 34.9279% 0 97150 0 6.2366 1.0172 12.3038 6.0622 244.2156 42.4071 
43 36532 753936 20.6377 960303 439852687 458.0353 10626 16.2044% 34.8493% 0 97150 0 0.0898 0.9819 1.1816 5.9763 4.0784 40.9490 
44 67584 136702624 2022.7069 1027887 576555311 560.9131 12806 48.6119% 36.5746% 0 104220 0 2.8426 1.1043 10.1903 6.4261 109.7506 45.4727 
46 2648 403200 152.2659 1030535 576958511 559.8631 12856 5.5008% 36.4703% 0 104220 0 0.3429 1.1023 2.9577 6.4200 15.6326 45.3961 
47 8543 139680 16.3502 1039078 577098191 555.3945 12858 10.6625% 36.4478% 0 104220 0 0.0645 1.0938 1.5221 6.4100 3.1285 45.0485 
48 24409 5907568 242.0242 1063487 583005759 548.2020 12921 6.2481% 34.4340% 0 104220 0 2.3252 1.1220 2.7986 6.0394 89.9629 46.0794 
49 3472 11760 3.3871 1066959 583017519 546.4292 12922 6.2396% 34.4294% 0 104220 0 0.0386 1.1185 1.0000 6.0360 1.7475 45.9351 
50 163534 21724 0.1328 1230493 583039243 473.8257 12923 1.6506% 34.1756% 0 104220 0 0.0035 0.9703 1.0000 6.0214 0.1416 39.8491 
51 14017 84536 6.0310 1244510 583123779 468.5569 12925 6.1267% 34.1384% 0 104220 0 0.0550 0.9600 1.0212 6.0024 2.2190 39.4253 
52 6462 33539 5.1902 1250972 583157318 466.1634 12926 12.2888% 34.1317% 0 104220 0 0.0040 0.9551 1.0000 6.0018 0.4754 39.2241 
53 1689 21500 12.7294 1252661 583178818 465.5520 12946 1.5625% 34.0841% 0 104220 0 0.1374 0.9540 1.2678 5.9974 10.1854 39.1849 
54 23318 559580 23.9978 1275979 583738398 457.4827 12948 16.3142% 34.0462% 0 104220 0 0.1243 0.9388 1.2089 5.9405 5.3471 38.5666 
55 33624 52624 1.5651 1309603 583791022 445.7771 12949 2.5296% 33.9964% 0 104220 0 0.0096 0.9150 1.0000 5.9326 0.6692 37.5936 
56 388 17408 44.8660 1309991 583808430 445.6584 13493 10.2187% 33.9643% 0 104220 0 4.2062 0.9159 10.2642 5.9360 161.5175 37.6303 
57 9530 38568512 4047.0632 1319521 622376942 471.6689 14581 41.4824% 34.2067% 0 105385 0 1.3129 0.9188 3.7721 5.9011 50.4156 37.7226 
58 31367 753120 24.0099 1350888 623130062 461.2744 14583 16.0781% 34.1553% 0 105385 0 0.1383 0.9007 1.1718 5.8174 5.9644 36.9852 
59 2040 409440 200.7059 1352928 623539502 460.8815 14623 4.7171% 34.0788% 0 105385 0 1.5162 0.9016 3.7400 5.8092 58.9553 37.0183 
60 5254 479520 91.2676 1358182 624019022 459.4517 14633 7.8036% 34.0241% 0 105385 0 0.3809 0.8996 1.9446 5.7903 18.7834 36.9478 
61 1537 1075000 699.4144 1359719 625094022 459.7229 15633 17.6413% 33.9521% 0 105385 0 5.3142 0.9046 7.9533 5.8008 216.6589 37.1509 
62 24665 8977800 363.9895 1384384 634071822 458.0173 15733 10.2653% 32.1405% 0 122885 0 1.7634 0.9199 5.5942 5.7935 87.8926 38.0550 
63 4443 205696 46.2966 1388827 634277518 456.7002 15735 8.6604% 32.1331% 0 122885 0 0.2431 0.9177 1.0019 5.7701 9.3342 37.9631 
64 331 4608 13.9215 1389158 634282126 456.5947 15879 2.7842% 32.1030% 0 122885 0 1.3051 0.9178 3.5122 5.7689 50.1172 37.9660 
65 17688 37011744 2092.4775 1406846 671293870 477.1623 16455 22.4426% 31.5849% 0 127921 0 2.6585 0.9397 6.9439 5.8038 116.6763 38.9556 
66 16081 528960 32.8935 1422927 671822830 472.1415 16459 9.9691% 31.5306% 0 127921 0 0.1652 0.9309 2.5441 5.7889 7.5458 38.6006 
67 1569 403200 256.9790 1424496 672226030 471.9045 16509 4.7468% 31.4931% 0 127921 0 0.5570 0.9305 3.9193 5.7871 23.1526 38.5836 
68 5356 139680 26.0792 1429852 672365710 470.2345 16511 10.6587% 31.4846% 0 127921 0 0.1029 0.9274 1.1337 5.7773 4.9900 38.4578 
69 13885 5907568 425.4640 1443737 678273278 469.8039 16574 6.2464% 30.7232% 0 127921 0 4.0801 0.9578 4.7222 5.7249 156.9989 39.5978 
70 2275 11760 5.1692 1446012 678285038 469.0729 16575 6.2328% 30.7211% 0 127921 0 0.0589 0.9563 1.0000 5.7222 2.6669 39.5397 
71 162204 21724 0.1339 1608216 678306762 421.7759 16576 1.6097% 30.5435% 0 127921 0 0.0035 0.8602 1.0000 5.7111 0.1428 35.5662 
72 8780 84536 9.6282 1616996 678391298 419.5380 16578 6.0881% 30.5273% 0 127921 0 0.0863 0.8560 1.1017 5.6980 3.3152 35.3910 
73 3932 33539 8.5298 1620928 678424837 418.5410 16579 11.7076% 30.5245% 0 127921 0 0.0066 0.8540 1.0000 5.6975 0.7813 35.3071 
74 32040 1739952 54.3056 1652968 680164789 411.4809 16597 3.1250% 29.9438% 0 129778 0 0.1989 0.8413 2.2773 5.6586 14.3676 34.9012 
75 18892 1739952 92.0999 1671860 681904741 407.8719 16615 3.1248% 29.6160% 0 129778 0 0.3373 0.8356 1.2064 5.5649 24.3669 34.7822 
76 8322 389440 46.7964 1680182 682294181 406.0835 16617 16.9427% 29.6093% 0 129778 0 0.1169 0.8320 1.0275 5.5478 4.7112 34.6332 
77 27121 1354032 49.9256 1707303 683648213 400.4258 16635 3.1248% 29.1485% 0 130272 0 0.2363 0.8226 2.4282 5.5155 17.9420 34.3681 
78 1275 21500 16.8627 1708578 683669713 400.1396 16655 1.5625% 29.1242% 0 130495 0 0.1255 0.8220 1.1348 5.5131 10.2400 34.3501 
79 23058 560080 24.2901 1731636 684229793 395.1349 16657 16.5186% 29.1042% 0 130495 0 0.1245 0.8128 1.1958 5.4728 5.3691 33.9642 
80 34744 53408 1.5372 1766380 684283201 387.3930 16658 2.3642% 29.0712% 0 130495 0 0.0079 0.7969 1.0000 5.4680 0.6023 33.3080 
81 384 17408 45.3333 1766764 684300609 387.3186 17202 10.1863% 29.0519% 0 130495 0 4.2500 0.7977 10.4615 5.4710 163.2000 33.3362 
82 9571 38568512 4029.7266 1776335 722869121 406.9442 18290 41.4570% 29.3580% 0 131809 0 1.3073 0.8004 3.6047 5.4462 50.1996 33.4271 
83 32348 776160 23.9941 1808683 723645281 400.0952 18292 15.9902% 29.3282% 0 131809 0 0.1269 0.7884 1.1241 5.3866 5.5271 32.9281 
84 22350 563128 25.1959 1831033 724208409 395.5190 18294 16.3070% 29.3089% 0 131809 0 0.1283 0.7803 1.2173 5.3498 5.5255 32.5936 
85 21541 53408 2.4794 1852574 724261817 390.9489 18295 2.3257% 29.2888% 0 131809 0 0.0128 0.7714 1.0000 5.3454 0.9715 32.2259 
86 34439 39450208 1145.5096 1887013 763712025 404.7201 19385 40.1532% 29.5460% 0 131809 0 0.3877 0.7644 2.3396 5.2825 15.5032 31.9207 
88 25358 1511200 59.5946 1912371 765223225 400.1437 19387 46.7682% 29.5754% 0 131809 0 0.1251 0.7559 1.8753 5.2616 5.1774 31.5661 
89 7031 258560 36.7743 1919402 765481785 398.8127 19407 22.6058% 29.5433% 0 133015 0 0.9031 0.7565 3.4699 5.2497 39.9238 31.5967 
90 17514 53088984 3031.2312 1936916 818570769 422.6155 22449 53.7165% 30.5681% 0 133015 0 11.0597 0.8496 16.6709 5.7102 424.6912 35.1511 
91 19101 19529280 1022.4219 1956017 838100049 428.4728 22489 46.3891% 30.9411% 0 153826 0 3.6584 0.8770 14.3520 5.8537 147.3598 36.2469 
92 17643 563128 31.9179 1973660 838663177 424.9279 22491 17.5419% 30.9285% 0 153826 0 0.1626 0.8707 1.0021 5.8068 6.9996 35.9854 
93 9389 53408 5.6884 1983049 838716585 422.9430 22492 2.3565% 30.9201% 0 153826 0 0.0197 0.8666 1.0000 5.8038 0.7566 35.8186 
94 34343 39450208 1148.7118 2017392 878166793 435.2980 23582 40.2483% 31.1199% 0 153826 0 0.3818 0.8584 2.4531 5.7444 15.2782 35.4690 
96 4635 443920 95.7756 2022027 878610713 434.5198 23622 5.4847% 31.0005% 0 155019 0 0.4315 0.8574 1.4174 5.7242 25.5172 35.4462 
97 10416 498960 47.9032 2032443 879109673 432.5384 23632 7.8102% 30.9274% 0 155019 0 0.1204 0.8536 1.9058 5.7160 7.4028 35.3024 
98 22123 27582960 1246.8002 2054566 906692633 441.3062 23695 24.6739% 30.6956% 0 155019 0 6.4148 0.9135 10.8381 5.9278 264.1048 37.7661 
99 37035 756816 20.4352 2091601 907449449 433.8540 23697 16.1053% 30.6648% 0 155019 0 0.0837 0.8988 1.1932 5.8893 3.8364 37.1653 
100 67373 136708320 2029.1262 2158974 1044157769 483.6361 25877 48.5932% 31.8551% 0 162106 0 2.8501 0.9597 10.1299 6.1270 110.0339 39.4393 
102 2841 419200 147.5537 2161815 1044576969 483.1944 25927 5.7363% 31.7861% 0 162922 0 0.2344 0.9587 1.2957 6.1196 17.7605 39.4108 
103 9060 145072 16.0124 2170875 1044722041 481.2447 25929 10.6590% 31.7758% 0 162922 0 0.0336 0.9549 1.4476 6.1167 1.9412 39.2544 
104 23575 5535968 234.8237 2194450 1050258009 478.5974 25992 6.2487% 30.8051% 0 164291 0 1.2448 0.9580 1.8196 5.9215 52.1084 39.3925 
105 2980 14004 4.6993 2197430 1050272013 477.9547 25993 6.2406% 30.8031% 0 164291 0 0.0235 0.9567 1.0000 5.9206 1.1340 39.3406 
106 247034 30694 0.1243 2444464 1050302707 429.6659 25994 1.6214% 30.6162% 0 164291 0 0.0022 0.8603 1.0000 5.9131 0.0883 35.3738 
107 14551 80736 5.5485 2459015 1050383443 427.1562 25996 6.1595% 30.5978% 0 164291 0 0.0283 0.8553 1.0352 5.9076 1.3089 35.1723 
108 6918 34603 5.0019 2465933 1050418046 425.9719 25997 12.2567% 30.5945% 0 164291 0 0.0035 0.8530 1.0000 5.9073 0.4663 35.0749 
109 10777 563128 52.2528 2476710 1050981174 424.3457 25999 19.0033% 30.5897% 0 164291 0 0.2554 0.8504 1.0000 5.8697 9.8058 34.9649 
110 36081 53408 1.4802 2512791 1051034582 418.2738 26000 2.3319% 30.5633% 0 164291 0 0.0076 0.8383 1.0000 5.8659 0.5800 34.4712 
111 41711 39450208 945.7986 2554502 1090484790 426.8874 27090 39.3595% 30.7254% 0 164291 0 0.3144 0.8297 2.4568 5.8160 12.5794 34.1138 
113 3274 443920 135.5895 2557776 1090928710 426.5146 27130 4.6876% 30.6697% 0 164291 0 0.5125 0.8293 1.6451 5.8044 21.0180 34.0970 
114 6731 498960 74.1287 2564507 1091427670 425.5897 27140 7.8091% 30.6309% 0 164291 0 0.1872 0.8276 1.5366 5.7948 11.5240 34.0377 
115 31591 27582960 873.1271 2596098 1119010630 431.0356 27203 23.7824% 30.4336% 0 171266 0 4.4116 0.8712 11.8529 5.9832 172.5624 35.7234 
116 38766 756816 19.5227 2634864 1119767446 424.9811 27205 16.0779% 30.4069% 0 171266 0 0.0800 0.8596 1.1969 5.9507 3.6651 35.2517 
117 67347 136709472 2029.9266 2702211 1256476918 464.9810 29385 48.6040% 31.4318% 0 176444 0 2.8494 0.9092 10.0978 6.1479 110.0051 37.1148 
119 2754 419200 152.2150 2704965 1256896118 464.6626 29435 5.3662% 31.3954% 0 176444 0 0.1808 0.9084 2.0327 6.1454 8.9516 37.0861 
120 2917 145072 49.7333 2707882 1257041190 464.2156 29437 10.6479% 31.3927% 0 176444 0 0.0857 0.9075 1.2500 6.1429 3.2911 37.0497 
121 23295 5535968 237.6462 2731177 1262577158 462.2832 29500 6.2479% 30.6502% 0 176444 0 1.2303 0.9103 1.8583 5.9839 48.2114 37.1449 
122 2949 14004 4.7487 2734126 1262591162 461.7896 29501 6.2405% 30.6486% 0 176444 0 0.0237 0.9093 1.0000 5.9830 1.1459 37.1061 
123 246838 30694 0.1243 2980964 1262621856 423.5616 29502 1.6201% 30.4888% 0 176444 0 0.0022 0.8342 1.0000 5.9766 0.0884 34.0409 
124 12961 80736 6.2291 2993925 1262702592 421.7549 29504 6.1579% 30.4747% 0 176444 0 0.0296 0.8307 1.0463 5.9722 1.1377 33.8984 
125 6815 34603 5.0775 3000740 1262737195 420.8086 29505 12.1227% 30.4719% 0 176444 0 0.0035 0.8289 1.0000 5.9719 0.4733 33.8225 
126 1434 21500 14.9930 3002174 1262758695 420.6147 29525 1.5625% 30.4559% 0 176444 0 0.1032 0.8285 1.1212 5.9704 7.8192 33.8101 
127 23377 560080 23.9586 3025551 1263318775 417.5500 29527 16.3392% 30.4417% 0 176444 0 0.1227 0.8231 1.2081 5.9434 5.2827 33.5897 
128 35000 53408 1.5259 3060551 1263372183 412.7924 29528 2.3557% 30.4198% 0 176444 0 0.0079 0.8137 1.0000 5.9402 0.5979 33.2124 
129 384 17408 45.3333 3060935 1263389591 412.7463 30072 10.1917% 30.4069% 0 176444 0 4.2500 0.8142 10.2642 5.9418 163.2000 33.2287 
130 9570 38568512 4030.1475 3070505 1301958103 424.0208 31160 41.6505% 30.5823% 0 177969 0 1.3074 0.8157 3.6288 5.9230 50.2049 33.2816 
131 32989 776160 23.5278 3103494 1302734263 419.7637 31162 15.9840% 30.5613% 0 177969 0 0.1171 0.8083 1.1368 5.8848 5.1403 32.9825 
132 3311 443920 134.0743 3106805 1303178183 419.4593 31202 4.7171% 30.5124% 0 177969 0 0.5116 0.8080 1.6415 5.8745 21.5253 32.9703 
133 10779 498960 46.2900 3117584 1303677143 418.1691 31212 7.8103% 30.4593% 0 177969 0 0.1175 0.8056 1.8645 5.8682 7.2390 32.8813 
134 1261 1075000 852.4980 3118845 1304752143 418.3447 32212 18.4192% 30.4379% 0 177969 0 4.0698 0.8069 7.2898 5.8705 168.3388 32.9361 
135 24672 9012800 365.3048 3143517 1313764943 417.9284 32312 10.1178% 29.6461% 0 191041 0 1.6990 0.8139 5.6752 5.8672 85.2249 33.3464 
136 4956 208576 42.0856 3148473 1313973519 417.3368 32314 8.5888% 29.6423% 0 191041 0 0.1816 0.8129 1.0000 5.8572 6.9734 33.3049 
137 331 4608 13.9215 3148804 1313978127 417.2943 32458 2.7842% 29.6285% 0 191041 0 1.3051 0.8130 3.5122 5.8565 50.1172 33.3067 
138 11166 37011744 3314.6824 3159970 1350989871 427.5325 33034 21.9916% 29.5056% 0 191041 0 4.0107 0.8243 7.7214 5.8809 154.0127 33.7332 
139 16765 535360 31.9332 3176735 1351525231 425.4448 33038 10.0346% 29.4789% 0 191041 0 0.1467 0.8207 2.2610 5.8721 6.8165 33.5912 
140 1701 419200 246.4433 3178436 1351944431 425.3490 33088 4.9428% 29.4584% 0 191041 0 0.2787 0.8204 2.3582 5.8705 12.3259 33.5798 
141 6299 145072 23.0310 3184735 1352089503 424.5532 33090 10.6687% 29.4538% 0 191041 0 0.0483 0.8189 1.2936 5.8681 2.7921 33.5189 
142 13970 5535968 396.2755 3198705 1357625471 424.4297 33153 6.2458% 29.0725% 0 191041 0 2.0384 0.8242 2.8223 5.8004 78.3915 33.7149 
143 2040 14004 6.8647 3200745 1357639475 424.1636 33154 6.2362% 29.0715% 0 191041 0 0.0343 0.8237 1.0000 5.7997 1.6565 33.6944 
144 245676 30694 0.1249 3446421 1357670169 393.9362 33155 1.5929% 28.9363% 0 191041 0 0.0022 0.7651 1.0000 5.7940 0.0888 31.2989 
145 8656 80736 9.3272 3455077 1357750905 392.9727 33157 6.1085% 28.9284% 0 191041 0 0.0444 0.7633 1.0787 5.7903 1.7035 31.2247 
146 4051 34603 8.5418 3459128 1357785508 392.5225 33158 11.6707% 28.9270% 0 191041 0 0.0059 0.7624 1.0000 5.7901 0.7962 31.1891 
