1 57660 120043008 2081.9114 57660 120043008 2081.9114 144 22.5064% 22.5064% 0 17432 0 2.3992 2.3992 5.4131 5.4131 131.0209 
2 30094 120043008 3988.9351 87754 240086016 2735.8982 288 21.9117% 22.3160% 0 17432 0 3.9428 2.9286 13.5174 7.4851 151.4053 
3 7936 5425664 683.6774 95690 245511680 2565.6985 307 23.1464% 22.3330% 0 17432 0 3.8727 3.0069 6.0835 7.3053 150.6000 
4 27446 21111552 769.2032 123136 266623232 2165.2744 595 11.2382% 19.6768% 0 28288 0 4.6628 3.3760 7.5346 7.3744 232.6722 
5 1501 21500 14.3238 124637 266644732 2139.3706 615 1.5625% 19.6185% 0 28525 0 0.1599 3.3372 1.2371 7.3533 12.2798 
6 22172 559580 25.2381 146809 267204312 1820.0813 617 16.4487% 19.6036% 0 28525 0 0.1308 2.8530 1.2048 7.1024 5.6305 
7 39407 638720 16.2083 186216 267843032 1438.3459 618 24.9607% 19.6266% 0 28525 0 0.0972 2.2698 1.0000 6.7300 3.9913 
8 1707 17408 10.1980 187923 267860440 1425.3734 1162 10.3041% 19.5003% 0 29338 0 1.0967 2.2591 2.2024 6.6696 58.3086 
9 26453 38802432 1466.8442 214376 306662872 1430.4907 2250 42.3504% 23.4776% 0 38573 0 3.8111 2.4507 8.7636 6.9901 161.3285 
10 39623 11896320 300.2377 253999 318559192 1254.1750 2270 24.9970% 23.5774% 0 44000 0 1.9186 2.3677 8.3843 7.1402 78.8487 
11 22383 562628 25.1364 276382 319121820 1154.6404 2272 16.3798% 23.5517% 0 44000 0 0.1295 2.1864 1.2120 6.9765 5.5705 
12 27583 639744 23.1934 303965 319761564 1051.9684 2273 24.9406% 23.5549% 0 44000 0 0.1389 2.0006 1.0000 6.7233 5.7023 
13 51011 50733568 994.5613 354976 370495132 1043.7189 3381 38.9106% 25.9263% 0 52181 0 3.3819 2.1991 7.6286 6.9043 139.2611 
15 26772 1569216 58.6141 381748 372064348 974.6334 3383 46.7743% 26.0039% 0 52181 0 0.1753 2.0572 1.6320 6.7736 7.0827 
16 7394 258060 34.9013 389142 372322408 956.7777 3403 23.3041% 25.9769% 0 53355 0 0.8629 2.0345 3.4468 6.7213 38.1196 
17 24490 53088984 2167.7822 413632 425411392 1028.4779 6445 56.3090% 29.4239% 0 59229 0 7.9727 2.3861 13.7289 7.4763 315.1842 
18 20224 21242880 1050.3798 433856 446654272 1029.4989 6485 46.2134% 30.2086% 0 74204 0 4.8517 2.5010 11.4787 7.7197 192.9114 
19 17167 562628 32.7738 451023 447216900 991.5612 6487 13.8781% 30.1821% 0 74204 0 0.1655 2.4121 1.0025 7.5869 6.7441 
20 36873 639744 17.3499 487896 447856644 917.9346 6488 24.9599% 30.1710% 0 74204 0 0.1039 2.2377 1.0000 7.4155 4.2656 
21 50452 50733568 1005.5809 538348 498590212 926.1485 7596 33.8185% 30.4451% 0 74204 0 3.2076 2.3286 9.6281 7.6422 125.8131 
23 6099 4136960 678.3013 544447 502727172 923.3721 7916 24.1129% 30.2925% 0 76123 0 7.6996 2.3887 12.1911 7.7466 309.2651 
24 11573 7672320 662.9500 556020 510399492 917.9517 8076 15.6035% 29.6264% 0 82480 0 2.6614 2.3944 6.2691 7.7046 121.0431 
25 22588 27557960 1220.0266 578608 537957452 929.7442 8139 24.6946% 29.3260% 0 82625 0 6.3520 2.5489 10.6804 7.9192 261.6667 
26 44478 11905280 267.6667 623086 549862732 882.4828 8159 24.9577% 29.1518% 0 90551 0 1.1529 2.4492 8.1682 7.9273 49.4526 
27 107556 160737440 1494.4535 730642 710600172 972.5696 10385 42.8580% 32.3184% 0 840711 16322 6.5288 3.0498 12.0828 8.8909 257.5088 
29 4673 2074400 443.9118 735315 712674572 969.2099 10585 15.3729% 32.1122% 0 843160 16322 3.6037 3.0533 7.6685 8.8803 154.1588 
30 2316 2234880 964.9741 737631 714909452 969.1966 10617 10.7181% 32.0591% 0 843160 16322 3.4611 3.0546 11.6851 8.8879 133.7036 
31 23870 5907568 247.4892 761501 720817020 946.5740 10680 6.2484% 30.8352% 0 844635 16322 2.4060 3.0343 2.9085 8.4558 96.3443 
32 14068 5907568 419.9295 775569 726724588 937.0212 10743 6.2363% 30.2008% 0 844635 16322 4.0444 3.0526 4.5571 8.2855 157.1130 
33 12972 5907568 455.4092 788541 732632156 929.0983 10806 6.2466% 29.6121% 0 844635 16322 4.3642 3.0742 4.7079 8.1410 167.5870 
34 12898 5907568 458.0220 801439 738539724 921.5171 10869 6.2375% 29.0540% 0 844635 16322 4.3941 3.0954 4.8415 8.0162 168.7331 
35 12934 5907568 456.7472 814373 744447292 914.1356 10932 6.2464% 28.5210% 0 844635 16322 4.3771 3.1158 4.7205 7.8932 168.0794 
36 13021 5907568 453.6954 827394 750354860 906.8895 10995 6.2387% 28.0078% 0 844635 16322 4.3526 3.1352 4.6665 7.7758 167.1392 
37 12948 5907568 456.2533 840342 756262428 899.9460 11058 6.2466% 27.5218% 0 844635 16322 4.3723 3.1543 4.7288 7.6702 167.8977 
38 12970 5907568 455.4794 853312 762169996 893.1903 11121 6.2382% 27.0568% 0 844635 16322 4.3697 3.1728 4.8255 7.5767 167.7965 
39 12890 5907568 458.3063 866202 768077564 886.7188 11184 6.2466% 26.6127% 0 844635 16322 4.3920 3.1909 4.7351 7.4847 168.6532 
40 12870 5907568 459.0185 879072 773985132 880.4571 11247 6.2339% 26.1885% 0 844635 16322 4.4037 3.2087 4.7482 7.3990 169.1002 
41 12985 5907568 454.9532 892057 779892700 874.2632 11310 6.2465% 25.7794% 0 844635 16322 4.3599 3.2254 4.7490 7.3187 167.4193 
42 13025 5907568 453.5561 905082 785800268 868.2089 11373 6.2374% 25.3848% 0 844635 16322 4.3512 3.2416 4.7010 7.2408 167.0879 
43 12985 5907568 454.9532 918067 791707836 862.3639 11436 6.2466% 25.0058% 0 844635 16322 4.3599 3.2574 4.7146 7.1681 167.4193 
44 13080 5907568 451.6489 931147 797615404 856.5945 11499 6.2362% 24.6389% 0 844635 16322 4.3330 3.2725 4.6765 7.0977 166.3853 
45 13033 5907568 453.2777 944180 803522972 851.0273 11562 6.2466% 24.2883% 0 844635 16322 4.3438 3.2873 4.7240 7.0333 166.8027 
46 12990 5907568 454.7781 957170 809430540 845.6497 11625 6.2376% 23.9523% 0 844635 16322 4.3630 3.3019 4.7686 6.9739 167.5381 
47 3631 188160 51.8204 960801 809618700 842.6497 11641 6.2388% 23.9284% 0 844635 16322 0.6235 3.2918 3.9306 6.9700 28.0042 
48 165551 347584 2.0996 1126352 809966284 719.1058 11657 1.6523% 22.6390% 0 844635 16322 0.0554 2.8161 1.0157 6.8539 2.2379 
49 13127 84536 6.4399 1139479 810050820 710.8958 11659 6.1468% 22.6296% 0 844635 16322 0.0577 2.7843 1.0676 6.8450 2.2174 
50 7953 84536 10.6294 1147432 810135356 706.0422 11661 6.0551% 22.6238% 0 844635 16322 0.0954 2.7657 1.1379 6.8368 3.6647 
51 7967 84536 10.6108 1155399 810219892 701.2468 11663 6.0641% 22.6180% 0 844635 16322 0.0953 2.7473 1.0736 6.8281 3.6583 
52 7958 84536 10.6228 1163357 810304428 696.5226 11665 6.0729% 22.6122% 0 844635 16322 0.0954 2.7291 1.0984 6.8196 3.6624 
53 8011 84536 10.5525 1171368 810388964 691.8312 11667 6.0819% 22.6064% 0 844635 16322 0.0946 2.7111 1.0706 6.8108 3.6334 
54 7952 84536 10.6308 1179320 810473500 687.2380 11669 6.0551% 22.6006% 0 844635 16322 0.0954 2.6935 1.1379 6.8027 3.6652 
55 7967 84536 10.6108 1187287 810558036 682.6976 11671 6.0636% 22.5948% 0 844635 16322 0.0953 2.6761 1.0890 6.7942 3.6583 
56 7962 84536 10.6174 1195249 810642572 678.2206 11673 6.0722% 22.5891% 0 844635 16322 0.0953 2.6589 1.1211 6.7860 3.6606 
57 7990 84536 10.5802 1203239 810727108 673.7872 11675 6.0815% 22.5833% 0 844635 16322 0.0949 2.6418 1.1381 6.7780 3.6430 
58 7964 84536 10.6148 1211203 810811644 669.4267 11677 6.0572% 22.5775% 0 844635 16322 0.0953 2.6251 1.0571 6.7693 3.6597 
59 7953 84536 10.6294 1219156 810896180 665.1292 11679 6.0646% 22.5718% 0 844635 16322 0.0954 2.6086 1.0937 6.7609 3.6647 
60 7969 84536 10.6081 1227125 810980716 660.8787 11681 6.0726% 22.5660% 0 844635 16322 0.0952 2.5923 1.0736 6.7523 3.6574 
61 8011 84536 10.5525 1235136 811065252 656.6607 11683 6.0819% 22.5602% 0 844635 16322 0.0946 2.5761 1.1066 6.7441 3.6334 
62 7966 84536 10.6121 1243102 811149788 652.5207 11685 6.0569% 22.5545% 0 844635 16322 0.0953 2.5602 1.0705 6.7356 3.6587 
63 7953 84536 10.6294 1251055 811234324 648.4402 11687 6.0634% 22.5487% 0 844635 16322 0.0954 2.5445 1.1345 6.7277 3.6647 
64 7956 84536 10.6254 1259011 811318860 644.4097 11689 6.0723% 22.5430% 0 844635 16322 0.0954 2.5290 1.1145 6.7196 3.6633 
65 6534 536624 82.1279 1265545 811855484 641.5066 11705 12.3286% 22.5199% 0 844768 16322 0.0637 2.5163 1.0479 6.7149 7.5225 
66 10673 562628 52.7151 1276218 812418112 636.5826 11707 18.9253% 22.5186% 0 844768 16322 0.2608 2.4974 1.0000 6.6816 10.0129 
67 40739 639744 15.7035 1316957 813057856 617.3762 11708 24.9620% 22.5208% 0 844768 16322 0.0941 2.4231 1.0000 6.6363 3.8608 
68 52581 50733568 964.8651 1369538 863791424 630.7174 12816 35.3823% 22.8462% 0 844768 16322 3.0625 2.4476 10.3588 6.7529 118.3790 
70 3217 4136960 1285.9683 1372755 867928384 632.2529 13136 22.3910% 22.8440% 0 845039 16322 14.3736 2.4756 18.4517 6.8116 551.9478 
71 3217 7672320 2384.9302 1375972 875600704 636.3506 13296 15.4629% 22.8054% 0 845039 16322 8.9524 2.4907 15.8416 6.8444 343.7737 
72 27661 27557960 996.2749 1403633 903158664 643.4436 13359 23.8202% 22.8269% 0 848493 16322 5.0822 2.5418 14.2316 6.9873 197.5738 
73 43876 11905280 271.3392 1447509 915063944 632.1646 13379 24.8672% 22.8515% 0 848643 16322 1.1460 2.4995 6.5222 6.9804 46.6303 
74 83798 160737280 1918.1517 1531307 1075801224 702.5379 15605 42.3472% 24.4253% 0 1324836 16322 8.3318 2.8187 13.7588 7.5849 322.0957 
76 2145 2074400 967.0862 1533452 1077875624 702.9080 15805 14.7884% 24.3994% 0 1325285 16322 7.5524 2.8253 11.1340 7.5939 290.0140 
77 2332 2234880 958.3533 1535784 1080110504 703.2958 15837 10.7140% 24.3809% 0 1325285 16322 3.4374 2.8262 11.7709 7.5989 132.7863 
78 21523 5907568 274.4770 1557307 1086018072 697.3693 15900 6.2480% 23.9472% 0 1325285 16322 2.6303 2.8235 2.9461 7.4475 101.0054 
79 12979 5907568 455.1636 1570286 1091925640 695.3674 15963 6.2392% 23.6946% 0 1325285 16322 4.3667 2.8363 4.7006 7.3925 167.6801 
80 12979 5907568 455.1636 1583265 1097833208 693.3983 16026 6.2465% 23.4493% 0 1325285 16322 4.3619 2.8488 4.7430 7.3410 167.4967 
81 12877 5907568 458.7690 1596142 1103740776 691.5054 16089 6.2371% 23.2123% 0 1325285 16322 4.4013 2.8613 4.7638 7.2921 169.0083 
82 12903 5907568 457.8445 1609045 1109648344 689.6317 16152 6.2464% 22.9811% 0 1325285 16322 4.3876 2.8735 4.7248 7.2439 168.4832 
83 13011 5907568 454.0441 1622056 1115555912 687.7419 16215 6.2338% 22.7545% 0 1325285 16322 4.3559 2.8854 4.6715 7.1959 167.2677 
84 12961 5907568 455.7957 1635017 1121463480 685.9032 16278 6.2466% 22.5353% 0 1325285 16322 4.3679 2.8972 4.7170 7.1510 167.7293 
85 12898 5907568 458.0220 1647915 1127371048 684.1196 16341 6.2371% 22.3219% 0 1325285 16322 4.3941 2.9089 4.7021 7.1072 168.7331 
86 12941 5907568 456.5001 1660856 1133278616 682.3461 16404 6.2466% 22.1134% 0 1325285 16322 4.3747 2.9203 4.7181 7.0654 167.9885 
87 12944 5907568 456.3943 1673800 1139186184 680.5988 16467 6.2356% 21.9101% 0 1325285 16322 4.3785 2.9316 4.7186 7.0251 168.1335 
88 13052 5907568 452.6178 1686852 1145093752 678.8348 16530 6.2463% 21.7113% 0 1325285 16322 4.3375 2.9425 4.6881 6.9854 166.5599 
89 12977 5907568 455.2337 1699829 1151001320 677.1277 16593 6.2356% 21.5176% 0 1325285 16322 4.3673 2.9533 4.6796 6.9467 167.7059 
90 12904 5907568 457.8091 1712733 1156908888 675.4753 16656 6.2465% 21.3297% 0 1325285 16322 4.3872 2.9641 4.7407 6.9109 168.4702 
91 12961 5907568 455.7957 1725694 1162816456 673.8254 16719 6.2374% 21.1464% 0 1325285 16322 4.3727 2.9747 4.7423 6.8762 167.9130 
92 12893 5907568 458.1996 1738587 1168724024 672.2263 16782 6.2464% 20.9684% 0 1325285 16322 4.3910 2.9852 4.7170 6.8420 168.6139 
93 12957 5907568 455.9364 1751544 1174631592 670.6263 16845 6.2365% 20.7934% 0 1325285 16322 4.3741 2.9955 4.7455 6.8095 167.9648 
94 3634 188160 51.7777 1755178 1174819752 669.3450 16861 6.2313% 20.7825% 0 1325285 16322 0.6164 2.9906 3.2749 6.8064 26.9666 
95 165527 347584 2.0999 1920705 1175167336 611.8417 16877 1.6378% 20.0607% 0 1325285 16322 0.0552 2.7376 1.0194 6.7399 2.2104 
96 13385 84536 6.3157 1934090 1175251872 607.6511 16879 6.1435% 20.0554% 0 1325285 16322 0.0566 2.7190 1.0299 6.7345 2.1746 
97 7953 84536 10.6294 1942043 1175336408 605.2062 16881 6.0563% 20.0522% 0 1325285 16322 0.0954 2.7083 1.1345 6.7297 3.6647 
98 7961 84536 10.6188 1950004 1175420944 602.7787 16883 6.0642% 20.0490% 0 1325285 16322 0.0953 2.6976 1.0736 6.7246 3.6610 
99 7973 84536 10.6028 1957977 1175505480 600.3674 16885 6.0721% 20.0458% 0 1325285 16322 0.0952 2.6870 1.0766 6.7195 3.6555 
100 8011 84536 10.5525 1965988 1175590016 597.9640 16887 6.0818% 20.0426% 0 1325285 16322 0.0946 2.6765 1.1163 6.7146 3.6334 
101 7974 84536 10.6015 1973962 1175674552 595.5912 16889 6.0586% 20.0394% 0 1325285 16322 0.0952 2.6660 1.0705 6.7095 3.6551 
102 8002 84536 10.5644 1981964 1175759088 593.2293 16891 6.0505% 20.0362% 0 1325285 16322 0.0949 2.6557 1.0921 6.7046 3.6423 
103 7960 84536 10.6201 1989924 1175843624 590.8987 16893 6.0731% 20.0330% 0 1325285 16322 0.0954 2.6454 1.1145 6.6997 3.6615 
104 8007 84536 10.5578 1997931 1175928160 588.5730 16895 6.0818% 20.0298% 0 1325285 16322 0.0947 2.6352 1.0706 6.6947 3.6352 
105 7966 84536 10.6121 2005897 1176012696 586.2777 16897 6.0569% 20.0266% 0 1325285 16322 0.0953 2.6251 1.0705 6.6896 3.6587 
106 7968 84536 10.6094 2013865 1176097232 584.0001 16899 6.0651% 20.0234% 0 1325285 16322 0.0953 2.6151 1.0705 6.6845 3.6578 
107 7965 84536 10.6134 2021830 1176181768 581.7411 16901 6.0719% 20.0202% 0 1325285 16322 0.0953 2.6052 1.0952 6.6796 3.6592 
108 8007 84536 10.5578 2029837 1176266304 579.4880 16903 6.0723% 20.0170% 0 1325285 16322 0.0947 2.5953 1.1398 6.6750 3.6352 
109 7973 84536 10.6028 2037810 1176350840 577.2623 16905 6.0550% 20.0138% 0 1325285 16322 0.0952 2.5855 1.1379 6.6703 3.6555 
110 7970 84536 10.6068 2045780 1176435376 575.0547 16907 6.0658% 20.0107% 0 1325285 16322 0.0952 2.5758 1.0921 6.6654 3.6569 
111 7972 84536 10.6041 2053752 1176519912 572.8637 16909 6.0718% 20.0075% 0 1325285 16322 0.0952 2.5662 1.0705 6.6604 3.6560 
112 6624 536624 81.0121 2060376 1177056536 571.2824 16925 12.3244% 19.9964% 0 1325411 16322 0.0601 2.5581 1.0557 6.6577 7.0029 
113 1764 21500 12.1882 2062140 1177078036 570.8041 16945 1.5625% 19.9879% 0 1325437 16322 0.1315 2.5560 1.1542 6.6563 9.7524 
114 23089 559580 24.2358 2085229 1177637616 564.7522 16947 16.3083% 19.9856% 0 1325437 16322 0.1256 2.5291 1.2034 6.6398 5.4002 
115 41374 638720 15.4377 2126603 1178276336 554.0650 16948 24.9625% 19.9885% 0 1325437 16322 0.0926 2.4817 1.0000 6.6127 3.8016 
116 384 17408 45.3333 2126987 1178293744 553.9732 17492 10.1706% 19.9845% 0 1325437 16322 4.2500 2.4820 10.3949 6.6134 163.2000 
117 13632 38802432 2846.4226 2140619 1217096176 568.5721 18580 40.2003% 20.2396% 0 1326481 16322 7.1432 2.5117 12.0649 6.6680 274.2986 
118 40336 11896320 294.9306 2180955 1228992496 563.5112 18600 24.9575% 20.2823% 0 1326559 16322 1.6810 2.4964 6.0884 6.6601 68.1101 
119 3141 4136960 1317.0837 2184096 1233129456 564.5949 18920 22.3170% 20.2889% 0 1326865 16322 14.7214 2.5139 19.0132 6.6967 565.3028 
120 3300 7672320 2324.9456 2187396 1240801776 567.2507 19080 15.4712% 20.2721% 0 1326865 16322 8.7273 2.5233 14.8991 6.7160 335.1273 
121 1519 1075000 707.7025 2188915 1241876776 567.3481 20080 17.7971% 20.2688% 0 1326865 16322 5.3772 2.5253 8.0871 6.7177 219.2263 
122 23733 8977800 378.2834 2212648 1250854576 565.3202 20180 10.2658% 20.0288% 0 1338601 16322 1.8327 2.5179 5.7724 6.7091 91.3442 
123 4640 3291136 709.2966 2217288 1254145712 565.6215 20212 8.7068% 20.0097% 0 1338601 16322 3.7241 2.5204 12.0924 6.7184 143.0069 
124 331 4608 13.9215 2217619 1254150320 565.5391 20356 2.7863% 20.0040% 0 1338601 16322 1.3051 2.5202 3.5702 6.7179 50.1172 
125 22401 37269504 1663.7429 2240020 1291419824 576.5215 20932 22.1994% 20.0529% 0 1342768 16322 6.8240 2.5632 12.5360 6.8020 273.5604 
126 18994 8384000 441.4026 2259014 1299803824 575.3854 20982 12.4911% 19.9601% 0 1350852 16322 1.9638 2.5582 7.5262 6.8062 88.1457 
127 2128 2074400 974.8120 2261142 1301878224 575.7614 21182 14.6192% 19.9499% 0 1351302 16322 7.6128 2.5630 11.1570 6.8136 292.3308 
128 2326 2234880 960.8254 2263468 1304113104 576.1571 21214 10.6706% 19.9411% 0 1351302 16322 3.4433 2.5639 11.5570 6.8175 132.6666 
129 22580 5907568 261.6284 2286048 1310020672 573.0504 21277 6.2480% 19.6994% 0 1351302 16322 2.5072 2.5633 2.8157 6.7251 96.2772 
130 12802 5907568 461.4566 2298850 1315928240 572.4289 21340 6.2372% 19.5650% 0 1351302 16322 4.4270 2.5737 4.7229 6.6979 169.9984 
131 12872 5907568 458.9472 2311722 1321835808 571.7971 21403 6.2465% 19.4333% 0 1351302 16322 4.3982 2.5838 4.7522 6.6720 168.8890 
132 12926 5907568 457.0299 2324648 1327743376 571.1589 21466 6.2355% 19.3039% 0 1351302 16322 4.3846 2.5939 4.7127 6.6461 168.3676 
133 12955 5907568 456.0068 2337603 1333650944 570.5207 21529 6.2464% 19.1762% 0 1351302 16322 4.3700 2.6037 4.6997 6.6206 167.8070 
134 12864 5907568 459.2326 2350467 1339558512 569.9116 21592 6.2374% 19.0524% 0 1351302 16322 4.4057 2.6136 4.7710 6.5970 169.1791 
135 12927 5907568 456.9945 2363394 1345466080 569.2941 21655 6.2466% 18.9301% 0 1351302 16322 4.3794 2.6232 4.7351 6.5734 168.1704 
136 12960 5907568 455.8309 2376354 1351373648 568.6752 21718 6.2383% 18.8095% 0 1351302 16322 4.3731 2.6328 4.7088 6.5499 167.9259 
137 13000 5907568 454.4283 2389354 1357281216 568.0536 21781 6.2466% 18.6912% 0 1351302 16322 4.3548 2.6421 4.7244 6.5273 167.2261 
138 12867 5907568 459.1255 2402221 1363188784 567.4702 21844 6.2367% 18.5760% 0 1351302 16322 4.4047 2.6516 4.7253 6.5052 169.1397 
139 12967 5907568 455.5848 2415188 1369096352 566.8694 21907 6.2465% 18.4625% 0 1351302 16322 4.3659 2.6608 4.7103 6.4834 167.6517 
140 13012 5907568 454.0092 2428200 1375003920 566.2647 21970 6.2360% 18.3505% 0 1351302 16322 4.3556 2.6699 4.6959 6.4619 167.2548 
141 13031 5907568 453.3473 2441231 1380911488 565.6619 22033 6.2466% 18.2404% 0 1351302 16322 4.3445 2.6788 4.6962 6.4410 166.8283 
142 12863 5907568 459.2683 2454094 1386819056 565.1043 22096 6.2353% 18.1338% 0 1351302 16322 4.4060 2.6879 4.7455 6.4212 169.1923 
143 12927 5907568 456.9945 2467021 1392726624 564.5378 22159 6.2466% 18.0285% 0 1351302 16322 4.3794 2.6967 4.6982 6.4013 168.1704 
144 12882 5907568 458.5909 2479903 1398634192 563.9875 22222 6.2370% 17.9248% 0 1351302 16322 4.3995 2.7056 4.8140 6.3835 168.9427 
145 3596 188160 52.3248 2483499 1398822352 563.2466 22238 6.2387% 17.9183% 0 1351302 16322 0.6229 2.7025 3.3735 6.3816 27.2516 
146 165450 347584 2.1008 2648949 1399169936 528.1981 22254 1.6524% 17.4583% 0 1351302 16322 0.0554 2.5372 1.0110 6.3357 2.2392 
147 14077 84536 6.0053 2663026 1399254472 525.4378 22256 6.1453% 17.4550% 0 1351302 16322 0.0538 2.5241 1.0147 6.3319 2.0677 
148 7966 84536 10.6121 2670992 1399339008 523.9023 22258 6.0569% 17.4531% 0 1351302 16322 0.0953 2.5168 1.0705 6.3284 3.6587 
149 7954 84536 10.6281 2678946 1399423544 522.3784 22260 6.0634% 17.4511% 0 1351302 16322 0.0954 2.5097 1.1345 6.3252 3.6643 
150 7955 84536 10.6268 2686901 1399508080 520.8633 22262 6.0727% 17.4492% 0 1351302 16322 0.0954 2.5025 1.0690 6.3216 3.6638 
151 8007 84536 10.5578 2694908 1399592616 519.3470 22264 6.0818% 17.4472% 0 1351302 16322 0.0947 2.4953 1.0572 6.3181 3.6352 
152 7967 84536 10.6108 2702875 1399677152 517.8475 22266 6.0575% 17.4453% 0 1351302 16322 0.0953 2.4883 1.0705 6.3146 3.6583 
153 7988 84536 10.5829 2710863 1399761688 516.3528 22268 6.0478% 17.4433% 0 1351302 16322 0.0950 2.4812 1.1379 6.3114 3.6487 
154 7969 84536 10.6081 2718832 1399846224 514.8705 22270 6.0726% 17.4414% 0 1351302 16322 0.0952 2.4742 1.0736 6.3079 3.6574 
155 8007 84536 10.5578 2726839 1399930760 513.3896 22272 6.0818% 17.4394% 0 1351302 16322 0.0947 2.4672 1.1263 6.3046 3.6352 
156 7974 84536 10.6015 2734813 1400015296 511.9236 22274 6.0586% 17.4375% 0 1351302 16322 0.0952 2.4603 1.0705 6.3012 3.6551 
157 7967 84536 10.6108 2742780 1400099832 510.4674 22276 6.0646% 17.4356% 0 1351302 16322 0.0953 2.4535 1.0705 6.2977 3.6583 
158 7955 84536 10.6268 2750735 1400184368 509.0219 22278 6.0724% 17.4336% 0 1351302 16322 0.0954 2.4466 1.1345 6.2945 3.6638 
159 8007 84536 10.5578 2758742 1400268904 507.5752 22280 6.0722% 17.4317% 0 1351302 16322 0.0947 2.4398 1.0706 6.2910 3.6352 
160 7955 84536 10.6268 2766697 1400353440 506.1463 22282 6.0543% 17.4297% 0 1351302 16322 0.0954 2.4331 1.1145 6.2877 3.6638 
161 7971 84536 10.6054 2774668 1400437976 504.7227 22284 6.0646% 17.4278% 0 1351302 16322 0.0952 2.4264 1.0705 6.2843 3.6565 
162 7972 84536 10.6041 2782640 1400522512 503.3071 22286 6.0733% 17.4258% 0 1351302 16322 0.0952 2.4197 1.1032 6.2809 3.6560 
163 6463 536624 83.0302 2789103 1401059136 502.3332 22302 12.1757% 17.4208% 0 1351411 16322 0.0560 2.4142 1.0462 6.2792 6.3218 
164 37402 27839232 744.3247 2826505 1428898368 505.5354 22590 11.2545% 17.2309% 0 1372508 16322 2.1475 2.4107 4.8767 6.2580 108.0892 
165 9921 27839232 2806.0913 2836426 1456737600 513.5821 22878 11.1819% 17.1860% 0 1372508 16322 7.2573 2.4276 14.0900 6.2946 278.6816 
166 8596 6024704 700.8730 2845022 1462762304 514.1479 22897 23.7848% 17.1966% 0 1372508 16322 1.7980 2.4257 3.6036 6.2841 71.0284 
167 31004 21664512 698.7651 2876026 1484426816 516.1382 23185 11.2571% 17.0503% 0 1387282 16322 2.6629 2.4283 5.3558 6.2712 152.1930 
168 1275 21500 16.8627 2877301 1484448316 515.9169 23205 1.5625% 17.0464% 0 1387505 16322 0.1255 2.4273 1.1511 6.2706 10.2400 
169 23736 560080 23.5962 2901037 1485008396 511.8888 23207 16.5040% 17.0462% 0 1387505 16322 0.1209 2.4084 1.2084 6.2598 5.2158 
170 42599 651264 15.2882 2943636 1485659660 504.7022 23208 24.9503% 17.0495% 0 1387505 16322 0.0716 2.3746 1.0000 6.2455 2.9927 
171 393 17408 44.2952 2944029 1485677068 504.6408 23752 10.1537% 17.0475% 0 1387505 16322 4.1527 2.3748 10.0741 6.2461 159.4626 
172 13885 38802432 2794.5576 2957914 1524479500 515.3901 24840 40.0787% 17.2560% 0 1388776 16322 7.0130 2.3966 11.6492 6.2861 269.3006 
173 40189 12264960 305.1820 2998103 1536744460 512.5723 24860 24.9971% 17.3172% 0 1395094 16322 1.6064 2.3860 8.4959 6.3009 66.9604 
174 22252 563128 25.3068 3020355 1537307588 508.9824 24862 16.1395% 17.3167% 0 1395094 16322 0.1288 2.3694 1.2139 6.2903 5.5360 
175 29029 652288 22.4702 3049384 1537959876 504.3510 24863 24.9285% 17.3189% 0 1395094 16322 0.1051 2.3478 1.0000 6.2762 4.3917 
176 39029 51102208 1309.3394 3088413 1589062084 514.5239 25971 35.1937% 17.5277% 0 1395094 16322 4.0396 2.3692 8.2372 6.3086 157.5631 
178 26256 1581760 60.2438 3114669 1590643844 510.6943 25973 46.7759% 17.5426% 0 1395094 16322 0.1488 2.3505 1.7501 6.2998 6.0753 
179 6967 258560 37.1121 3121636 1590902404 509.6374 25993 22.6250% 17.5494% 0 1396153 16322 0.9114 2.3473 3.4718 6.2954 40.2905 
180 16833 53088984 3153.8635 3138469 1643991388 523.8196 29035 54.6201% 17.9886% 0 1396178 16322 11.4966 2.3963 14.9902 6.3907 442.9630 
181 21779 23158080 1063.3215 3160248 1667149468 527.5375 29075 46.1160% 18.2204% 0 1417556 16322 3.9910 2.4073 11.2825 6.4226 159.3902 
182 17656 563128 31.8944 3177904 1667712596 524.7838 29077 17.3062% 18.2202% 0 1417556 16322 0.1623 2.3948 1.0010 6.4095 6.9771 
183 35498 652288 18.3753 3213402 1668364884 519.1896 29078 24.9379% 18.2225% 0 1417556 16322 0.0859 2.3693 1.0000 6.3956 3.5914 
184 41533 51102208 1230.4001 3254935 1719467092 528.2646 30186 34.8516% 18.4202% 0 1417556 16322 3.7102 2.3864 8.8252 6.4307 145.5341 
186 5578 4567040 818.7594 3260513 1724034132 528.7617 30506 24.6678% 18.4442% 0 1419938 16322 4.2797 2.3897 7.1345 6.4327 179.2092 
187 12959 7983360 616.0475 3273472 1732017492 529.1072 30666 15.6094% 18.4174% 0 1426164 16322 1.3890 2.3857 3.4689 6.4200 71.1166 
188 23429 27582960 1177.2999 3296901 1759600452 533.7135 30729 24.1162% 18.4873% 0 1428955 16322 6.0555 2.4118 9.9715 6.4611 249.1206 
189 44980 11951360 265.7039 3341881 1771551812 530.1062 30749 24.9566% 18.5401% 0 1436566 16322 1.0760 2.3938 8.3348 6.4699 46.4420 
190 85239 160840000 1886.9297 3427120 1932391812 563.8530 32975 39.8639% 19.5027% 0 2037654 16322 8.1720 2.5375 13.5796 6.7531 319.7004 
192 4890 2251200 460.3681 3432010 1934643012 563.7056 33175 15.5578% 19.4899% 0 2040082 16322 2.1513 2.5370 4.5034 6.7490 99.5730 
193 2945 2321152 788.1671 3434955 1936964164 563.8980 33207 10.6444% 19.4828% 0 2040082 16322 1.3582 2.5360 6.7912 6.7490 52.1562 
194 22923 5535968 241.5028 3457878 1942500132 561.7607 33270 6.2485% 19.3236% 0 2041717 16322 1.2802 2.5277 1.9884 6.6952 53.5905 
195 14614 5535968 378.8127 3472492 1948036100 560.9908 33333 6.2412% 19.2311% 0 2041717 16322 1.9661 2.5253 2.7838 6.6645 77.3728 
196 13208 5535968 419.1375 3485700 1953572068 560.4533 33396 6.2460% 19.1420% 0 2041717 16322 2.1550 2.5239 2.7902 6.6347 82.7513 
197 13269 5535968 417.2106 3498969 1959108036 559.9101 33459 6.2419% 19.0537% 0 2041717 16322 2.1474 2.5225 2.7589 6.6048 82.4606 
198 13287 5535968 416.6454 3512256 1964644004 559.3681 33522 6.2458% 18.9667% 0 2041717 16322 2.1422 2.5210 3.0989 6.5809 82.2593 
199 13225 5535968 418.5987 3525481 1970179972 558.8400 33585 6.2413% 18.8812% 0 2041717 16322 2.1546 2.5196 2.8834 6.5539 82.7349 
200 13278 5535968 416.9279 3538759 1975715940 558.3076 33648 6.2458% 18.7964% 0 2041717 16322 2.1436 2.5182 2.8128 6.5262 82.3150 
201 13269 5535968 417.2106 3552028 1981251908 557.7805 33711 6.2438% 18.7130% 0 2041717 16322 2.1474 2.5168 2.7715 6.4981 82.4606 
202 13280 5535968 416.8651 3565308 1986787876 557.2556 33774 6.2452% 18.6307% 0 2041717 16322 2.1433 2.5155 2.8672 6.4721 82.3027 
203 13236 5535968 418.2508 3578544 1992323844 556.7415 33837 6.2421% 18.5496% 0 2041717 16322 2.1528 2.5141 2.7493 6.4445 82.6662 
204 13293 5535968 416.4574 3591837 1997859812 556.2223 33900 6.2461% 18.4694% 0 2041717 16322 2.1412 2.5127 2.7973 6.4181 82.2222 
205 13266 5535968 417.3050 3605103 2003395780 555.7111 33963 6.2430% 18.3903% 0 2041717 16322 2.1479 2.5114 2.9737 6.3948 82.4792 
206 13317 5535968 415.7068 3618420 2008931748 555.1959 34026 6.2463% 18.3120% 0 2041717 16322 2.1373 2.5100 2.7845 6.3689 82.0740 
207 13281 5535968 416.8337 3631701 2014467716 554.6899 34089 6.2427% 18.2351% 0 2041717 16322 2.1455 2.5087 2.8675 6.3447 82.3861 
208 13323 5535968 415.5196 3645024 2020003684 554.1812 34152 6.2461% 18.1588% 0 2041717 16322 2.1364 2.5073 2.8803 6.3210 82.0370 
209 13345 5535968 414.8346 3658369 2025539652 553.6729 34215 6.2417% 18.0833% 0 2041717 16322 2.1352 2.5060 3.1250 6.3009 81.9910 
210 3014 224064 74.3411 3661383 2025763716 553.2783 34231 6.2419% 18.0789% 0 2041717 16322 0.4313 2.5043 2.8078 6.2998 20.2320 
211 268038 406624 1.5170 3929421 2026170340 515.6409 34232 1.6155% 18.0449% 0 2041717 16322 0.0317 2.3356 1.0000 6.2690 1.2229 
212 12747 80736 6.3337 3942168 2026251076 513.9941 34234 6.1608% 18.0426% 0 2041717 16322 0.0301 2.3281 1.0549 6.2677 1.1568 
213 7994 80736 10.0996 3950162 2026331812 512.9744 34236 6.0697% 18.0411% 0 2041717 16322 0.0482 2.3235 1.0322 6.2664 1.8494 
214 7976 80736 10.1224 3958138 2026412548 511.9611 34238 6.1068% 18.0397% 0 2041717 16322 0.0481 2.3189 1.0608 6.2651 1.8487 
215 7989 80736 10.1059 3966127 2026493284 510.9502 34240 6.0939% 18.0382% 0 2041717 16322 0.0482 2.3144 1.0635 6.2638 1.8505 
216 8106 80736 9.9600 3974233 2026574020 509.9283 34242 6.0716% 18.0367% 0 2041717 16322 0.0474 2.3097 1.0726 6.2626 1.8191 
217 7981 80736 10.1160 3982214 2026654756 508.9266 34244 6.1072% 18.0353% 0 2041717 16322 0.0481 2.3052 1.0637 6.2613 1.8476 
218 7996 80736 10.0970 3990210 2026735492 507.9270 34246 6.0800% 18.0338% 0 2041717 16322 0.0481 2.3007 1.0724 6.2600 1.8489 
219 7985 80736 10.1110 3998195 2026816228 506.9328 34248 6.1073% 18.0323% 0 2041717 16322 0.0481 2.2962 1.0323 6.2587 1.8467 
220 7990 80736 10.1046 4006185 2026896964 505.9420 34250 6.1056% 18.0309% 0 2041717 16322 0.0481 2.2917 1.0637 6.2574 1.8455 
221 7992 80736 10.1021 4014177 2026977700 504.9547 34252 6.0679% 18.0294% 0 2041717 16322 0.0482 2.2872 1.0490 6.2561 1.8498 
222 7976 80736 10.1224 4022153 2027058436 503.9735 34254 6.1071% 18.0280% 0 2041717 16322 0.0481 2.2828 1.0637 6.2548 1.8487 
223 7989 80736 10.1059 4030142 2027139172 502.9945 34256 6.0945% 18.0265% 0 2041717 16322 0.0482 2.2784 1.0322 6.2535 1.8505 
224 8137 80736 9.9221 4038279 2027219908 502.0010 34258 6.0624% 18.0250% 0 2041717 16322 0.0472 2.2739 1.0726 6.2522 1.8122 
225 7981 80736 10.1160 4046260 2027300644 501.0307 34260 6.1068% 18.0236% 0 2041717 16322 0.0481 2.2695 1.0726 6.2510 1.8476 
226 7995 80736 10.0983 4054255 2027381380 500.0626 34262 6.0800% 18.0221% 0 2041717 16322 0.0482 2.2651 1.0724 6.2497 1.8492 
227 7976 80736 10.1224 4062231 2027462116 499.1006 34264 6.1072% 18.0206% 0 2041717 16322 0.0481 2.2608 1.0159 6.2484 1.8487 
228 6548 553648 84.5522 4068779 2028015764 498.4335 34280 12.2541% 18.0160% 0 2041717 16322 0.0635 2.2572 1.0272 6.2469 8.0694 
229 21125 563128 26.6569 4089904 2028578892 495.9967 34282 13.1229% 18.0148% 0 2041717 16322 0.1330 2.2462 1.0018 6.2369 5.4242 
230 42097 652288 15.4949 4132001 2029231180 491.1013 34283 24.9494% 18.0170% 0 2041717 16322 0.0725 2.2241 1.0000 6.2261 3.0284 
231 53138 51102208 961.6886 4185139 2080333388 497.0763 35391 34.3313% 18.1822% 0 2041769 16322 2.8947 2.2326 9.9799 6.2649 112.9526 
233 2708 4567040 1686.4993 4187847 2084900428 497.8454 35711 23.0473% 18.1899% 0 2041909 16322 8.5495 2.2367 12.5214 6.2727 328.3001 
234 3875 7983360 2060.2219 4191722 2092883788 499.2898 35871 15.5086% 18.1837% 0 2041909 16322 4.1290 2.2384 10.9664 6.2772 158.5548 
235 21441 27582960 1286.4586 4213163 2120466748 503.2957 35934 24.4536% 18.2281% 0 2042120 16322 6.5024 2.2601 12.4592 6.3232 254.6245 
236 44477 11951360 268.7088 4257640 2132418108 500.8451 35954 24.9552% 18.2714% 0 2042617 16322 1.0860 2.2479 6.0686 6.3218 46.6218 
237 83794 160839840 1919.4673 4341434 2293257948 528.2260 38180 42.1864% 19.0265% 0 2519942 16322 8.2924 2.3645 13.6917 6.5609 320.9104 
239 1929 2251200 1167.0295 4343363 2295509148 528.5096 38380 15.0771% 19.0224% 0 2520153 16322 5.0804 2.3658 7.6742 6.5618 195.0855 
240 2949 2321152 787.0980 4346312 2297830300 528.6851 38412 10.6433% 19.0168% 0 2520153 16322 1.3564 2.3651 6.9565 6.5619 52.0855 
241 20007 5535968 276.7016 4366319 2303366268 527.5305 38475 6.2475% 18.9066% 0 2520153 16322 1.4227 2.3607 2.1115 6.5240 54.6298 
242 13297 5535968 416.3321 4379616 2308902236 527.1928 38538 6.2415% 18.8328% 0 2520153 16322 2.1429 2.3601 2.9975 6.5029 82.2870 
243 13266 5535968 417.3050 4392882 2314438204 526.8610 38601 6.2459% 18.7601% 0 2520153 16322 2.1456 2.3594 2.8415 6.4799 82.3895 
244 13211 5535968 419.0423 4406093 2319974172 526.5377 38664 6.2428% 18.6883% 0 2520153 16322 2.1568 2.3588 2.9126 6.4583 82.8226 
245 13343 5535968 414.8968 4419436 2325510140 526.2007 38727 6.2459% 18.6170% 0 2520153 16322 2.1332 2.3581 3.1012 6.4392 81.9141 
246 13284 5535968 416.7395 4432720 2331046108 525.8726 38790 6.2429% 18.5468% 0 2520153 16322 2.1450 2.3575 2.8669 6.4174 82.3675 
247 13290 5535968 416.5514 4446010 2336582076 525.5458 38853 6.2451% 18.4772% 0 2520153 16322 2.1417 2.3569 2.7447 6.3942 82.2407 
248 13252 5535968 417.7458 4459262 2342118044 525.2255 38916 6.2420% 18.4085% 0 2520153 16322 2.1502 2.3563 2.8805 6.3731 82.5664 
249 13300 5535968 416.2382 4472562 2347654012 524.9014 38979 6.2460% 18.3405% 0 2520153 16322 2.1401 2.3556 2.9071 6.3526 82.1789 
250 13236 5535968 418.2508 4485798 2353189980 524.5867 39042 6.2423% 18.2733% 0 2520153 16322 2.1528 2.3550 2.9216 6.3326 82.6662 
251 13280 5535968 416.8651 4499078 2358725948 524.2687 39105 6.2458% 18.2069% 0 2520153 16322 2.1433 2.3544 2.7842 6.3110 82.3027 
252 13249 5535968 417.8405 4512327 2364261916 523.9562 39168 6.2420% 18.1411% 0 2520153 16322 2.1507 2.3538 2.9078 6.2912 82.5851 
253 13236 5535968 418.2508 4525563 2369797884 523.6471 39231 6.2459% 18.0760% 0 2520153 16322 2.1504 2.3532 2.8176 6.2705 82.5762 
254 13225 5535968 418.5987 4538788 2375333852 523.3410 39294 6.2432% 18.0119% 0 2520153 16322 2.1546 2.3526 2.7395 6.2491 82.7349 
255 13265 5535968 417.3365 4552053 2380869820 523.0321 39357 6.2460% 17.9483% 0 2520153 16322 2.1457 2.3520 2.8991 6.2299 82.3957 
256 13252 5535968 417.7458 4565305 2386405788 522.7265 39420 6.2427% 17.8854% 0 2520153 16322 2.1502 2.3514 2.7761 6.2094 82.5664 
257 3014 224064 74.3411 4568319 2386629852 522.4307 39436 6.2419% 17.8818% 0 2520153 16322 0.4313 2.3502 2.8078 6.2085 20.2320 
258 267684 406624 1.5190 4836003 2387036476 493.5970 39437 1.6156% 17.8531% 0 2520153 16322 0.0318 2.2218 1.0000 6.1830 1.2245 
259 12604 80736 6.4056 4848607 2387117212 492.3305 39439 6.1597% 17.8512% 0 2520153 16322 0.0305 2.2161 1.1195 6.1820 1.1699 
260 7994 80736 10.0996 4856601 2387197948 491.5368 39441 6.0679% 17.8500% 0 2520153 16322 0.0482 2.2126 1.0724 6.1809 1.8494 
261 7983 80736 10.1135 4864584 2387278684 490.7467 39443 6.1069% 17.8488% 0 2520153 16322 0.0481 2.2090 1.0726 6.1799 1.8471 
262 7992 80736 10.1021 4872576 2387359420 489.9584 39445 6.0943% 17.8475% 0 2520153 16322 0.0482 2.2055 1.0519 6.1788 1.8498 
263 8103 80736 9.9637 4880679 2387440156 489.1615 39447 6.0720% 17.8463% 0 2520153 16322 0.0474 2.2019 1.0579 6.1777 1.8198 
264 7976 80736 10.1224 4888655 2387520892 488.3799 39449 6.1068% 17.8451% 0 2520153 16322 0.0481 2.1984 1.0407 6.1767 1.8487 
265 7991 80736 10.1034 4896646 2387601628 487.5994 39451 6.0799% 17.8438% 0 2520153 16322 0.0482 2.1949 1.0158 6.1755 1.8501 
266 7983 80736 10.1135 4904629 2387682364 486.8222 39453 6.1069% 17.8426% 0 2520153 16322 0.0481 2.1914 1.0726 6.1745 1.8471 
267 8000 80736 10.0920 4912629 2387763100 486.0459 39455 6.1019% 17.8414% 0 2520153 16322 0.0480 2.1879 1.0407 6.1734 1.8432 
268 7990 80736 10.1046 4920619 2387843836 485.2731 39457 6.0676% 17.8401% 0 2520153 16322 0.0482 2.1844 1.0158 6.1723 1.8503 
269 7974 80736 10.1249 4928593 2387924572 484.5043 39459 6.1072% 17.8389% 0 2520153 16322 0.0482 2.1809 1.0323 6.1712 1.8492 
270 7996 80736 10.0970 4936589 2388005308 483.7359 39461 6.0914% 17.8377% 0 2520153 16322 0.0481 2.1775 1.0377 6.1701 1.8489 
271 8137 80736 9.9221 4944726 2388086044 482.9562 39463 6.0624% 17.8365% 0 2520153 16322 0.0472 2.1740 1.0521 6.1690 1.8122 
272 7978 80736 10.1198 4952704 2388166780 482.1945 39465 6.1072% 17.8352% 0 2520153 16322 0.0481 2.1706 1.0726 6.1680 1.8483 
273 7996 80736 10.0970 4960700 2388247516 481.4336 39467 6.0790% 17.8340% 0 2520153 16322 0.0481 2.1671 1.0377 6.1669 1.8489 
274 7976 80736 10.1224 4968676 2388328252 480.6770 39469 6.1072% 17.8328% 0 2520153 16322 0.0481 2.1637 1.0159 6.1658 1.8487 
275 6566 553648 84.3204 4975242 2388881900 480.1539 39485 12.2493% 17.8289% 0 2520153 16322 0.0634 2.1610 1.0426 6.1646 8.0473 
276 1433 21500 15.0035 4976675 2388903400 480.0200 39505 1.5625% 17.8260% 0 2520240 16322 0.1130 2.1604 1.1489 6.1642 9.3253 
277 22638 560080 24.7407 4999313 2389463480 477.9584 39507 16.3458% 17.8256% 0 2520240 16322 0.1267 2.1512 1.1995 6.1574 5.4552 
278 42190 651264 15.4365 5041503 2390114744 474.0877 39508 24.9424% 17.8275% 0 2520240 16322 0.0723 2.1338 1.0000 6.1484 3.0218 
279 387 17408 44.9819 5041890 2390132152 474.0548 40052 10.1960% 17.8261% 0 2520240 16322 4.2171 2.1339 10.1366 6.1488 161.9349 
280 13685 38802432 2835.3987 5055575 2428934584 480.4468 41140 40.2012% 17.9575% 0 2521394 16322 7.1155 2.1474 12.1311 6.1761 273.2363 
281 41030 12264960 298.9266 5096605 2441199544 478.9854 41160 24.9059% 17.9815% 0 2521394 16322 1.4552 2.1418 6.2495 6.1765 58.2055 
282 2686 4567040 1700.3127 5099291 2445766584 479.6288 41480 23.1275% 17.9884% 0 2521534 16322 8.6195 2.1453 12.4741 6.1831 330.9891 
283 3872 7983360 2061.8181 5103163 2453749944 480.8293 41640 15.5107% 17.9835% 0 2521534 16322 4.1322 2.1468 10.6809 6.1869 158.6777 
284 1280 1075000 839.8438 5104443 2454824944 480.9193 42640 17.8153% 17.9834% 0 2521534 16322 4.0000 2.1472 6.8817 6.1872 164.4000 
285 24787 9012800 363.6100 5129230 2463837744 480.3524 42740 10.1334% 17.8902% 0 2534381 16322 1.6911 2.1450 5.5045 6.1842 84.8295 
286 5177 3337216 644.6235 5134407 2467174960 480.5180 42772 8.6155% 17.8819% 0 2534381 16322 2.7815 2.1457 11.1715 6.1879 106.8109 
287 331 4608 13.9215 5134738 2467179568 480.4879 42916 2.7863% 17.8795% 0 2534381 16322 1.3051 2.1456 3.5122 6.1877 50.1172 
288 15707 37269504 2372.7959 5150445 2504449072 486.2588 43492 21.6743% 17.9050% 0 2534381 16322 9.5962 2.1683 11.8172 6.2277 369.2580 
289 19698 8486400 430.8255 5170143 2512935472 486.0476 43542 12.4917% 17.8717% 0 2543080 16322 1.7337 2.1667 6.9865 6.2298 79.1471 
290 1933 2251200 1164.6146 5172076 2515186672 486.3012 43742 15.3232% 17.8695% 0 2543291 16322 5.0698 2.1678 7.5096 6.2307 194.6818 
291 2954 2321152 785.7657 5175030 2517507824 486.4721 43774 10.6536% 17.8653% 0 2543291 16322 1.3541 2.1673 6.9565 6.2309 51.9973 
292 20925 5535968 264.5624 5195955 2523043792 485.5785 43837 6.2478% 17.7732% 0 2543291 16322 1.3602 2.1640 1.8686 6.1943 52.2332 
293 13235 5535968 418.2824 5209190 2528579760 485.4075 43900 6.2412% 17.7147% 0 2543291 16322 2.1529 2.1640 2.8349 6.1758 82.6724 
294 13295 5535968 416.3947 5222485 2534115728 485.2318 43963 6.2448% 17.6566% 0 2543291 16322 2.1409 2.1640 2.7965 6.1571 82.2098 
295 13221 5535968 418.7254 5235706 2539651696 485.0638 44026 6.2429% 17.5992% 0 2543291 16322 2.1552 2.1639 2.9258 6.1400 82.7600 
296 13249 5535968 417.8405 5248955 2545187664 484.8942 44089 6.2458% 17.5427% 0 2543291 16322 2.1483 2.1639 2.8220 6.1220 82.4952 
297 13226 5535968 418.5671 5262181 2550723632 484.7274 44152 6.2428% 17.4866% 0 2543291 16322 2.1544 2.1639 2.8220 6.1041 82.7287 
298 13304 5535968 416.1130 5275485 2556259600 484.5544 44215 6.2450% 17.4308% 0 2543291 16322 2.1394 2.1638 2.9492 6.0879 82.1542 
299 13225 5535968 418.5987 5288710 2561795568 484.3895 44278 6.2423% 17.3757% 0 2543291 16322 2.1546 2.1638 2.9231 6.0715 82.7349 
300 13353 5535968 414.5861 5302063 2567331536 484.2137 44341 6.2446% 17.3209% 0 2543291 16322 2.1316 2.1637 2.8198 6.0542 81.8527 
301 13214 5535968 418.9472 5315277 2572867504 484.0515 44404 6.2424% 17.2670% 0 2543291 16322 2.1563 2.1637 2.8680 6.0376 82.8038 
302 13302 5535968 416.1756 5328579 2578403472 483.8820 44467 6.2450% 17.2134% 0 2543291 16322 2.1398 2.1636 2.9882 6.0224 82.1665 
303 13298 5535968 416.3008 5341877 2583939440 483.7137 44530 6.2413% 17.1605% 0 2543291 16322 2.1427 2.1636 2.9931 6.0074 82.2808 
304 13325 5535968 415.4573 5355202 2589475408 483.5439 44593 6.2453% 17.1079% 0 2543291 16322 2.1361 2.1635 2.7815 5.9904 82.0247 
305 13268 5535968 417.2421 5368470 2595011376 483.3801 44656 6.2421% 17.0559% 0 2543291 16322 2.1476 2.1635 2.8887 5.9746 82.4668 
306 13284 5535968 416.7395 5381754 2600547344 483.2156 44719 6.2459% 17.0044% 0 2543291 16322 2.1427 2.1634 2.8429 5.9586 82.2779 
307 13272 5535968 417.1163 5395026 2606083312 483.0530 44782 6.2395% 16.9535% 0 2543291 16322 2.1469 2.1634 2.9144 5.9434 82.4420 
308 2986 224064 75.0382 5398012 2606307376 482.8273 44798 6.2338% 16.9521% 0 2543291 16322 0.4072 2.1624 5.1092 5.9433 16.1007 
309 268843 406624 1.5125 5666855 2606714000 459.9931 44799 1.6167% 16.9282% 0 2543291 16322 0.0317 2.0613 1.0000 5.9220 1.2192 
310 12760 80736 6.3273 5679615 2606794736 458.9738 44801 6.1610% 16.9266% 0 2543291 16322 0.0301 2.0568 1.0549 5.9211 1.1556 
311 7994 80736 10.0996 5687609 2606875472 458.3429 44803 6.0679% 16.9256% 0 2543291 16322 0.0482 2.0539 1.0724 5.9202 1.8494 
312 7974 80736 10.1249 5695583 2606956208 457.7155 44805 6.1072% 16.9246% 0 2543291 16322 0.0482 2.0511 1.0323 5.9193 1.8492 
313 7993 80736 10.1008 5703576 2607036944 457.0881 44807 6.0948% 16.9236% 0 2543291 16322 0.0482 2.0483 1.0322 5.9184 1.8496 
314 8104 80736 9.9625 5711680 2607117680 456.4537 44809 6.0718% 16.9226% 0 2543291 16322 0.0474 2.0455 1.0726 5.9175 1.8195 
315 7975 80736 10.1236 5719655 2607198416 455.8314 44811 6.1071% 16.9216% 0 2543291 16322 0.0482 2.0427 1.0159 5.9166 1.8490 
316 7992 80736 10.1021 5727647 2607279152 455.2095 44813 6.0801% 16.9206% 0 2543291 16322 0.0482 2.0399 1.0490 5.9157 1.8498 
317 7985 80736 10.1110 5735632 2607359888 454.5898 44815 6.1073% 16.9196% 0 2543291 16322 0.0481 2.0371 1.0323 5.9147 1.8467 
318 7995 80736 10.0983 5743627 2607440624 453.9711 44817 6.1047% 16.9186% 0 2543291 16322 0.0480 2.0344 1.0726 5.9139 1.8444 
319 7990 80736 10.1046 5751617 2607521360 453.3545 44819 6.0693% 16.9176% 0 2543291 16322 0.0482 2.0316 1.0322 5.9129 1.8503 
320 7979 80736 10.1186 5759596 2607602096 452.7405 44821 6.1072% 16.9166% 0 2543291 16322 0.0481 2.0289 1.0726 5.9121 1.8481 
321 7990 80736 10.1046 5767586 2607682832 452.1273 44823 6.0945% 16.9156% 0 2543291 16322 0.0482 2.0261 1.0322 5.9111 1.8503 
322 8104 80736 9.9625 5775690 2607763568 451.5068 44825 6.0718% 16.9146% 0 2543291 16322 0.0474 2.0233 1.0726 5.9103 1.8195 
323 7980 80736 10.1173 5783670 2607844304 450.8979 44827 6.1070% 16.9137% 0 2543291 16322 0.0481 2.0206 1.0521 5.9094 1.8478 
324 7996 80736 10.0970 5791666 2607925040 450.2892 44829 6.0790% 16.9127% 0 2543291 16322 0.0481 2.0179 1.0377 5.9085 1.8489 
325 7976 80736 10.1224 5799642 2608005776 449.6839 44831 6.1072% 16.9117% 0 2543291 16322 0.0481 2.0152 1.0159 5.9075 1.8487 
326 6531 553648 84.7723 5806173 2608559424 449.2734 44847 10.7858% 16.9102% 0 2543291 16322 0.0208 2.0129 1.0303 5.9072 1.5052 
