1 50249 1690992 33.6523 50249 1690992 33.6523 18 3.1248% 3.1248% 0 7362 0 0.1882 0.1882 3.0741 3.0741 11.4904 
2 16433 1690992 102.9022 66682 3381984 50.7181 36 3.1245% 3.1247% 0 7362 0 0.5754 0.2836 1.5284 2.0417 35.1355 
3 9412 352000 37.3991 76094 3733984 49.0707 38 17.8699% 3.3297% 0 7362 0 0.2054 0.2739 1.0409 1.8746 8.0823 
4 41923 1319472 31.4737 118017 5053456 42.8197 56 3.1247% 3.2512% 0 9186 0 0.2233 0.2559 3.3524 2.1711 14.3770 
5 2703 21500 7.9541 120720 5074956 42.0391 76 1.5625% 3.2067% 0 10635 0 0.0962 0.2524 1.2808 2.1583 7.3873 
6 39708 559580 14.0924 160428 5634536 35.1219 78 16.3266% 3.6962% 0 10635 0 0.0731 0.2080 1.2057 2.0195 3.1478 
7 59119 52624 0.8901 219547 5687160 25.9041 79 2.5911% 3.6660% 0 10635 0 0.0055 0.1535 1.0000 2.0000 0.3819 
8 2603 17408 6.6877 222150 5704568 25.6789 623 10.5644% 4.2318% 0 12341 0 0.7196 0.1601 2.2539 2.0119 38.2672 
9 34718 38568512 1110.9082 256868 44273080 172.3573 1711 42.4798% 24.8858% 0 40086 0 0.4609 0.2007 2.5324 2.1490 29.1644 
10 56886 753120 13.2391 313754 45026200 143.5080 1713 16.0644% 24.6941% 0 40086 0 0.0847 0.1797 1.1265 1.9943 3.6128 
11 39017 562628 14.4201 352771 45588828 129.2307 1715 16.1768% 24.5710% 0 40086 0 0.0743 0.1680 1.2079 1.9328 3.1957 
12 20465 52624 2.5714 373236 45641452 122.2858 1716 2.4460% 24.4859% 0 40086 0 0.0157 0.1597 1.0000 1.9231 1.0996 
13 61902 39427168 636.9288 435138 85068620 195.4980 2806 42.1038% 30.7252% 0 63886 0 0.2815 0.1770 1.9510 1.9293 17.3942 
15 37029 1510416 40.7901 472167 86579036 183.3653 2808 46.7982% 30.8683% 0 63886 0 0.0870 0.1700 1.8539 1.9262 3.5964 
16 13056 258060 19.7656 485223 86837096 178.9633 2828 23.2557% 30.6407% 0 69681 0 0.4887 0.1785 3.4283 1.9904 21.5882 
17 31983 53088984 1659.9126 517206 139926080 270.5423 5870 56.1134% 36.3552% 0 84240 0 6.1093 0.5453 13.1110 4.8269 241.5119 
18 27220 18132480 666.1455 544426 158058560 290.3215 5910 46.5373% 37.2572% 0 148246 0 2.5922 0.6476 12.4094 5.4994 104.3656 
19 17589 562628 31.9875 562015 158621188 282.2366 5912 17.5520% 37.2082% 0 148246 0 0.1648 0.6325 1.0014 5.3051 7.0888 
20 20467 52624 2.5712 582482 158673812 272.4098 5913 2.4482% 37.1498% 0 148246 0 0.0157 0.6108 1.0000 5.2845 1.0994 
21 34979 39427168 1127.1669 617461 198100980 320.8316 7003 39.0874% 37.2622% 0 148246 0 0.3884 0.5982 2.0688 4.9987 15.5010 
23 5898 409440 69.4201 623359 198510420 318.4528 7043 6.0441% 36.7424% 0 151858 0 0.5822 0.5981 2.3440 4.9471 29.0897 
24 15907 479520 30.1452 639266 198989940 311.2788 7053 7.8108% 36.3968% 0 151858 0 0.1292 0.5864 2.8984 4.9280 6.6869 
25 22229 27557960 1239.7301 661495 226547900 342.4786 7116 24.7219% 35.3768% 0 151858 0 6.4520 0.7835 10.7618 5.7977 265.4919 
26 66018 753936 11.4202 727513 227301836 312.4368 7118 16.0933% 35.2055% 0 151858 0 0.0497 0.7169 1.1833 5.6589 2.2568 
27 111958 136703264 1221.0227 839471 364005100 433.6125 9298 53.3821% 39.0350% 0 271275 0 1.7368 0.8530 8.9523 6.2870 69.1103 
29 5225 403200 77.1675 844696 364408300 431.4076 9348 6.0793% 38.7405% 0 274515 0 0.2048 0.8489 1.9526 6.2662 12.6555 
30 15814 139680 8.8327 860510 364547980 423.6418 9350 10.9134% 38.7138% 0 274515 0 0.0333 0.8340 1.0019 6.2422 1.4569 
32 5877 11760 2.0010 866387 370467308 407.5431 9414 6.2439% 34.6632% 0 279320 0 0.0228 0.8528 1.0000 5.4408 1.0324 
33 166665 21724 0.1303 1033052 370489032 344.4196 9415 1.7281% 34.4099% 0 279320 0 0.0034 0.7212 1.0000 5.4230 0.1389 
35 11629 33539 2.8841 1044681 370607107 332.5426 9418 12.3843% 34.3284% 0 279320 0 0.0022 0.6968 1.0000 5.3988 0.2642 
36 39072 562628 14.3998 1083753 371169735 321.7666 9420 11.0361% 34.2749% 0 279320 0 0.0727 0.6757 1.0014 5.3137 2.9631 
37 60188 52624 0.8743 1143941 371222359 305.8538 9421 2.5712% 34.1876% 0 279320 0 0.0053 0.6424 1.0000 5.3043 0.3739 
38 67278 39427168 586.0336 1211219 410649527 320.5688 10511 37.1873% 34.2964% 0 279320 0 0.2019 0.6193 2.1178 5.1711 8.0592 
40 3003 409440 136.3437 1214222 411058967 320.1379 10551 5.1890% 34.1879% 0 279320 0 1.0363 0.6203 2.8087 5.1541 41.0214 
41 5266 479520 91.0596 1219488 411538487 319.2022 10561 7.8063% 34.1309% 0 279320 0 0.3845 0.6193 2.0663 5.1347 19.4261 
42 21523 27557960 1280.3959 1241011 439096447 334.9848 10624 24.3264% 33.7420% 0 279320 0 6.5316 0.7164 11.0103 5.5805 253.9185 
43 66072 753936 11.4108 1307083 439850383 319.4574 10626 16.1024% 33.6454% 0 279320 0 0.0496 0.6844 1.1385 5.5057 2.2550 
44 94409 136701216 1447.9680 1401492 576551599 391.8718 12806 47.5640% 35.0311% 0 388361 0 2.0325 0.7709 9.1444 5.9031 78.4729 
46 5000 403200 80.6400 1406492 576954799 390.8177 12856 5.8132% 34.9033% 0 388361 0 0.1800 0.7689 2.9605 5.8985 8.0333 
47 15269 139680 9.1479 1421761 577094479 386.9105 12858 10.6705% 34.8755% 0 388361 0 0.0361 0.7614 1.5306 5.8903 1.7504 
49 5879 11760 2.0003 1427640 583013807 378.8033 12922 6.2434% 32.5303% 0 388361 0 0.0228 0.7749 1.0000 5.4039 1.0320 
50 166533 21724 0.1304 1594173 583035531 341.8306 12923 1.7277% 32.3546% 0 388361 0 0.0034 0.6995 1.0000 5.3925 0.1390 
51 25210 84536 3.3533 1619383 583120067 336.9006 12925 6.1653% 32.3098% 0 388361 0 0.0301 0.6898 1.0285 5.3780 1.1546 
52 11442 33539 2.9312 1630825 583153606 334.7074 12926 12.3909% 32.3020% 0 388361 0 0.0023 0.6853 1.0000 5.3775 0.2685 
53 3280 21500 6.5549 1634105 583175106 334.0907 12946 1.5625% 32.2365% 0 388361 0 0.0720 0.6841 1.2487 5.3740 5.4322 
54 40932 559580 13.6710 1675037 583734686 326.7493 12948 16.1817% 32.1923% 0 388361 0 0.0708 0.6701 1.2004 5.3291 3.0461 
55 60079 52624 0.8759 1735116 583787310 316.1469 12949 2.5719% 32.1320% 0 388361 0 0.0054 0.6484 1.0000 5.3229 0.3745 
56 384 17408 45.3333 1735500 583804718 316.0906 13493 10.2185% 32.1107% 0 388361 0 4.2500 0.6492 10.5974 5.3265 163.2000 
57 12106 38568512 3185.9006 1747606 622373230 334.7785 14581 39.6194% 32.3234% 0 394980 0 1.0335 0.6517 2.3692 5.2587 39.6878 
58 58515 753120 12.8705 1806121 623126350 324.9554 14583 16.0605% 32.2611% 0 394980 0 0.0741 0.6341 1.1212 5.1904 3.1972 
59 2679 409440 152.8331 1808800 623535790 324.7153 14623 5.1846% 32.1868% 0 394999 0 1.1676 0.6348 3.1628 5.1819 46.8999 
60 5272 479520 90.9560 1814072 624015310 324.0752 14633 7.8075% 32.1452% 0 394999 0 0.3890 0.6341 2.1819 5.1699 20.1178 
61 1891 1075000 568.4823 1815963 625090310 324.3150 15633 18.2385% 32.0919% 0 394999 0 4.3173 0.6378 6.9128 5.1786 175.7749 
62 41410 8977800 216.8027 1857373 634068110 322.0537 15733 10.1907% 30.0237% 0 431345 0 1.0504 0.6464 5.9249 5.2010 52.3514 
63 4436 205696 46.3697 1861809 634273806 321.4340 15735 8.6567% 30.0189% 0 431345 0 0.2435 0.6455 1.0037 5.1826 9.3490 
64 331 4608 13.9215 1862140 634278414 321.3824 15879 2.7842% 29.9991% 0 431345 0 1.3051 0.6456 3.5122 5.1818 50.1172 
65 27171 37011744 1362.1782 1889311 671290158 335.5168 16455 22.4636% 29.5552% 0 445192 0 1.7307 0.6604 6.1397 5.2107 75.9549 
66 28247 528960 18.7262 1917558 671819118 331.1065 16459 9.9647% 29.4941% 0 445192 0 0.0940 0.6525 2.5662 5.1999 4.2958 
67 1550 403200 260.1290 1919108 672222318 331.0524 16509 4.6407% 29.4707% 0 445192 0 0.5535 0.6524 4.6378 5.1995 21.8508 
68 5355 139680 26.0840 1924463 672361998 330.2502 16511 10.6591% 29.4653% 0 445192 0 0.1029 0.6510 1.1176 5.1917 4.9909 
70 2275 11760 5.1692 1926738 678281326 330.5244 16575 6.2328% 28.9578% 0 445192 0 0.0589 0.6735 1.0000 5.1689 2.6669 
71 162509 21724 0.1337 2089247 678303050 306.2806 16576 1.6097% 28.8384% 0 445192 0 0.0035 0.6243 1.0000 5.1600 0.1425 
72 10587 84536 7.9849 2099834 678387586 304.8614 16578 6.0491% 28.8254% 0 445192 0 0.0716 0.6217 1.1230 5.1499 2.7493 
73 4242 33539 7.9064 2104076 678421125 304.2964 16579 10.9943% 28.8234% 0 445192 0 0.0061 0.6205 1.0000 5.1495 0.7242 
74 59409 1739952 29.2877 2163485 680161077 297.1584 16597 3.1250% 28.1066% 0 452161 0 0.1073 0.6072 2.2855 5.1201 7.7486 
75 18876 1739952 92.1780 2182361 681901029 295.4818 16615 3.1248% 27.8892% 0 452161 0 0.3376 0.6050 1.2096 5.0456 24.3875 
76 10430 389440 37.3384 2192791 682290469 294.3203 16617 17.6934% 27.8843% 0 452161 0 0.0933 0.6027 1.0242 5.0319 3.7590 
77 50548 1354032 26.7871 2243339 683644501 288.6113 16635 3.1249% 27.3155% 0 454763 0 0.1268 0.5925 2.4365 5.0075 9.6266 
78 2175 21500 9.8851 2245514 683666001 288.3556 16655 1.5625% 27.2877% 0 455890 0 0.0736 0.5921 1.1348 5.0056 6.0028 
79 41337 560080 13.5491 2286851 684226081 283.6464 16657 16.3540% 27.2653% 0 455890 0 0.0694 0.5831 1.1973 4.9733 2.9949 
80 61490 53408 0.8686 2348341 684279489 276.6174 16658 2.3578% 27.2268% 0 455890 0 0.0045 0.5687 1.0000 4.9694 0.3403 
81 385 17408 45.2156 2348726 684296897 276.5814 17202 10.2038% 27.2145% 0 455890 0 4.2390 0.5693 10.2642 4.9724 162.7761 
82 12226 38568512 3154.6304 2360952 722865409 290.7335 18290 40.4710% 27.5001% 0 461791 0 1.0234 0.5715 2.5446 4.9310 39.2983 
83 59697 776160 13.0017 2420649 723641569 284.2215 18292 15.9659% 27.4664% 0 461791 0 0.0687 0.5597 1.1467 4.8845 2.9950 
84 39059 563128 14.4174 2459708 724204697 280.1450 18294 16.0715% 27.4450% 0 461791 0 0.0734 0.5524 1.2111 4.8550 3.1617 
85 21539 53408 2.4796 2481247 724258105 277.8506 18295 2.3270% 27.4318% 0 461791 0 0.0128 0.5479 1.0000 4.8514 0.9716 
86 35415 39450208 1113.9407 2516662 763708313 289.0578 19385 39.2061% 27.6436% 0 461791 0 0.3770 0.5456 2.1806 4.7970 15.0759 
88 37376 1511200 40.4324 2554038 765219513 285.5897 19387 46.8037% 27.6779% 0 461791 0 0.0849 0.5392 1.8687 4.7805 3.5127 
89 12472 258560 20.7312 2566510 765478073 284.3625 19407 22.6060% 27.6484% 0 467998 0 0.5091 0.5391 3.3492 4.7716 22.5067 
90 16816 53088984 3157.0518 2583326 818567057 302.1964 22449 51.8626% 28.3415% 0 475205 0 11.5037 0.6071 14.4612 5.1798 441.7439 
91 27688 19529280 705.3337 2611014 838096337 306.2755 22489 46.4143% 28.7855% 0 536356 0 2.5238 0.6265 13.0373 5.3103 101.6585 
92 17640 563128 31.9234 2628654 838659465 304.5183 22491 17.5404% 28.7778% 0 536356 0 0.1626 0.6236 1.0028 5.2725 7.0008 
93 21533 53408 2.4803 2650187 838712873 302.1751 22492 2.3272% 28.7650% 0 536356 0 0.0128 0.6188 1.0000 5.2689 0.9719 
94 35397 39450208 1114.5071 2685584 878163081 312.4043 23582 39.0465% 28.9363% 0 536356 0 0.3704 0.6157 2.1813 5.2130 14.8232 
96 7681 443920 57.7946 2693265 878607001 311.7104 23622 5.6199% 28.8020% 0 540500 0 0.2604 0.6147 1.3966 5.1966 15.3980 
97 17920 498960 27.8438 2711185 879105961 309.9171 23632 7.8111% 28.7194% 0 540500 0 0.0701 0.6113 1.9413 5.1903 4.3114 
98 22330 27582960 1235.2423 2733515 906688921 317.1445 23695 24.6793% 28.6093% 0 540500 0 6.3554 0.6562 10.6311 5.3993 261.6634 
99 67401 756816 11.2286 2800916 907445737 310.0984 23697 15.9906% 28.5735% 0 540500 0 0.0460 0.6421 1.1347 5.3660 2.1080 
100 93772 136707008 1457.8660 2894688 1044152745 345.7360 25877 47.3451% 29.5630% 0 651788 0 2.0465 0.6857 9.2732 5.5841 79.0097 
102 4911 419200 85.3594 2899599 1044571945 345.3133 25927 5.8694% 29.4965% 0 652362 0 0.1226 0.6848 1.4265 5.5793 8.2727 
103 15971 145072 9.0835 2915570 1044717017 343.5474 25929 10.6619% 29.4844% 0 652362 0 0.0189 0.6813 1.4519 5.5770 1.0916 
104 41800 5535968 132.4394 2957370 1050252985 340.6849 25992 6.2496% 28.3194% 0 657278 0 0.7020 0.6816 1.5224 5.3770 29.3889 
105 4875 14004 2.8726 2962245 1050266989 340.1516 25993 6.2442% 28.3173% 0 657278 0 0.0144 0.6805 1.0000 5.3762 0.6932 
106 249634 30694 0.1230 3211879 1050297683 314.7169 25994 1.6721% 28.1909% 0 657278 0 0.0022 0.6298 1.0000 5.3702 0.0874 
108 12202 34603 2.8358 3224081 1050413022 311.2654 25997 12.3979% 28.1662% 0 657278 0 0.0020 0.6229 1.0000 5.3654 0.2644 
109 11059 563128 50.9203 3235140 1050976150 310.4150 25999 18.8695% 28.1633% 0 657278 0 0.2488 0.6217 1.0000 5.3350 9.5557 
110 9395 53408 5.6847 3244535 1051029558 309.5718 26000 2.3560% 28.1587% 0 657278 0 0.0197 0.6200 1.0000 5.3329 0.7561 
111 68941 39450208 572.2314 3313476 1090479766 314.7992 27090 37.2776% 28.2997% 0 657278 0 0.1902 0.6115 2.2545 5.2882 7.6108 
113 5113 443920 86.8218 3318589 1090923686 314.4632 27130 4.8067% 28.2410% 0 657278 0 0.3301 0.6111 1.5790 5.2783 13.7588 
114 6728 498960 74.1617 3325317 1091422646 313.9980 27140 7.8091% 28.2155% 0 657278 0 0.1882 0.6103 1.4859 5.2703 11.5976 
115 49005 27582960 562.8601 3374322 1119005606 317.4579 27203 23.8250% 28.0993% 0 692303 0 2.8439 0.6413 11.3518 5.4503 111.2421 
116 69114 756816 10.9503 3443436 1119762422 311.5636 27205 15.9787% 28.0693% 0 692303 0 0.0449 0.6298 1.1322 5.4220 2.0557 
117 93448 136707936 1462.9305 3536884 1256470358 340.7417 29385 47.4256% 28.9418% 0 797814 0 2.0554 0.6660 9.1142 5.5994 79.3514 
119 4887 419200 85.7786 3541771 1256889558 340.4043 29435 5.7876% 28.8948% 0 797814 0 0.1134 0.6652 1.6537 5.5964 6.8047 
120 15828 145072 9.1655 3557599 1257034630 338.9904 29437 10.6613% 28.8849% 0 797814 0 0.0192 0.6625 1.4408 5.5944 1.1111 
122 4786 14004 2.9260 3562385 1262584602 336.2297 29501 6.2441% 28.0177% 0 797814 0 0.0146 0.6618 1.0000 5.4267 0.7061 
123 249542 30694 0.1230 3811927 1262615296 315.2859 29502 1.6722% 27.9093% 0 797814 0 0.0022 0.6207 1.0000 5.4215 0.0874 
124 23791 80736 3.3936 3835718 1262696032 313.4440 29504 6.2024% 27.8923% 0 797814 0 0.0161 0.6172 1.0463 5.4180 0.6198 
125 11885 34603 2.9115 3847603 1262730635 312.5305 29505 12.3584% 27.8892% 0 797814 0 0.0020 0.6154 1.0000 5.4177 0.2714 
126 2597 21500 8.2788 3850200 1262752135 312.3351 29525 1.5625% 27.8684% 0 797814 0 0.0593 0.6150 1.1846 5.4165 4.6725 
127 40776 560080 13.7355 3890976 1263312215 309.3536 29527 16.1859% 27.8530% 0 797814 0 0.0703 0.6096 1.1759 5.3941 3.0286 
128 61397 53408 0.8699 3952373 1263365623 304.7844 29528 2.3605% 27.8273% 0 797814 0 0.0045 0.6006 1.0000 5.3915 0.3409 
129 386 17408 45.0984 3952759 1263383031 304.7602 30072 10.2005% 27.8190% 0 797814 0 4.2280 0.6009 10.3291 5.3932 162.3544 
130 11782 38568512 3273.5115 3964541 1301951543 313.1738 31160 40.9363% 27.9986% 0 802708 0 1.0620 0.6022 2.7141 5.3667 40.7792 
131 59982 776160 12.9399 4024523 1302727703 308.9036 31162 15.9632% 27.9753% 0 802708 0 0.0644 0.5946 1.1483 5.3365 2.8271 
132 5101 443920 87.0261 4029624 1303171623 308.6355 31202 4.8107% 27.9271% 0 802708 0 0.3266 0.5943 1.6495 5.3286 13.1287 
133 6720 498960 74.2500 4036344 1303670583 308.2631 31212 7.8000% 27.9086% 0 802708 0 0.1751 0.5936 1.3995 5.3216 9.7371 
134 1521 1075000 706.7719 4037865 1304745583 308.4064 32212 18.7242% 27.8933% 0 802708 0 3.3702 0.5946 6.7715 5.3239 138.9570 
135 42152 9012800 213.8167 4080017 1313758383 307.4732 32312 10.0429% 27.0008% 0 832776 0 0.9944 0.5985 5.5845 5.3280 49.8830 
136 5244 208576 39.7742 4085261 1313966959 307.1451 32314 8.5268% 26.9982% 0 832776 0 0.1716 0.5980 1.0000 5.3199 6.5904 
137 331 4608 13.9215 4085592 1313971567 307.1224 32458 2.7842% 26.9890% 0 832776 0 1.3051 0.5981 3.5122 5.3194 50.1172 
138 13422 37011744 2757.5432 4099014 1350983311 314.7858 33034 21.9440% 26.9185% 0 832776 0 3.3366 0.6066 6.7253 5.3386 128.1259 
139 29585 535360 18.0957 4128599 1351518671 312.7546 33038 10.0293% 26.8885% 0 832776 0 0.0832 0.6031 2.6566 5.3335 3.8627 
140 1713 419200 244.7169 4130312 1351937871 312.7277 33088 5.0279% 26.8742% 0 832776 0 0.2907 0.6029 2.0664 5.3319 14.3916 
141 6289 145072 23.0676 4136601 1352082943 312.3069 33090 10.7625% 26.8719% 0 832776 0 0.0437 0.6021 1.0000 5.3295 2.1371 
143 2039 14004 6.8681 4138640 1357632915 312.4146 33154 6.2385% 26.6147% 0 832776 0 0.0343 0.6064 1.0000 5.2757 1.6573 
144 245974 30694 0.1248 4384614 1357663609 295.6851 33155 1.5929% 26.5238% 0 832776 0 0.0022 0.5741 1.0000 5.2711 0.0887 
145 10162 80736 7.9449 4394776 1357744345 295.0497 33157 6.0608% 26.5176% 0 832776 0 0.0378 0.5729 1.0608 5.2681 1.4511 
146 4351 34603 7.9529 4399127 1357778948 294.7784 33158 10.9734% 26.5166% 0 832776 0 0.0055 0.5724 1.0000 5.2679 0.7413 
