1 109268 120043008 1098.6108 109268 120043008 1098.6108 144 22.5026% 22.5026% 0 89074 0 1.2660 1.2660 4.4403 4.4403 69.1388 
2 29984 120043008 4003.5688 139252 240086016 1724.1118 288 21.9383% 22.3907% 0 89074 0 3.9573 1.8455 14.0554 6.4902 151.9607 
3 9764 5425664 555.6805 149016 245511680 1647.5525 307 23.5179% 22.4086% 0 89074 0 3.1477 1.9308 6.1284 6.4495 122.4049 
4 49760 21111552 424.2675 198776 266623232 1341.3251 595 11.2344% 19.4636% 0 123543 0 2.5718 2.0913 7.5815 6.7602 128.3344 
5 2703 21500 7.9541 201479 266644732 1323.4369 615 1.5625% 19.4003% 0 124990 0 0.0888 2.0644 1.2183 6.7425 6.8191 
6 39582 559580 14.1372 241061 267204312 1108.4510 617 16.3309% 19.3845% 0 124990 0 0.0733 1.7375 1.2119 6.5360 3.1539 
7 65779 638720 9.7101 306840 267843032 872.9078 618 24.9759% 19.4086% 0 124990 0 0.0583 1.3775 1.0000 6.2237 2.3911 
8 2603 17408 6.6877 309443 267860440 865.6213 1162 10.3698% 19.2930% 0 126700 0 0.7192 1.3720 2.2774 6.1765 38.2377 
9 39649 38802432 978.6484 349092 306662872 878.4586 2250 42.4852% 23.1213% 0 155079 0 2.5427 1.5049 8.2427 6.4886 107.6351 
10 66741 11896320 178.2461 415833 318559192 766.0748 2270 24.9982% 23.2478% 0 187047 0 1.1390 1.4462 8.1936 6.6639 46.8112 
11 39011 562628 14.4223 454844 319121820 701.6072 2272 16.1756% 23.2205% 0 187047 0 0.0743 1.3285 1.2109 6.5230 3.1961 
12 27586 639744 23.1909 482430 319761564 662.8145 2273 24.9406% 23.2229% 0 187047 0 0.1389 1.2605 1.0000 6.3036 5.7017 
13 63230 50733568 802.3655 545660 370495132 678.9854 3381 39.9830% 25.5510% 0 208354 0 2.7283 1.4306 7.5159 6.5366 112.3493 
15 38709 1569216 40.5388 584369 372064348 636.6942 3383 46.8144% 25.6220% 0 208354 0 0.1212 1.3439 1.6751 6.4252 4.8986 
16 13263 258060 19.4571 597632 372322408 622.9961 3403 23.2810% 25.5959% 0 214350 0 0.4810 1.3247 3.4431 6.3806 21.2513 
17 31597 53088984 1680.1907 629229 425411392 676.0836 6445 56.1703% 28.4724% 0 229052 0 6.1837 1.5687 12.7979 7.0837 244.4538 
18 29286 21242880 725.3596 658515 446654272 678.2750 6485 46.4202% 29.2463% 0 296979 0 3.3504 1.6480 10.8396 7.3128 133.2186 
19 27502 562628 20.4577 686017 447216900 651.9035 6487 16.3378% 29.2210% 0 296979 0 0.1054 1.5861 1.1633 7.2113 4.5337 
20 55784 639744 11.4682 741801 447856644 603.7423 6488 24.9717% 29.2123% 0 296979 0 0.0687 1.4720 1.0000 7.0574 2.8196 
21 76215 50733568 665.6638 818016 498590212 609.5115 7596 31.9747% 29.3905% 0 298893 0 2.1257 1.5329 8.8932 7.2508 83.6431 
23 8523 4136960 485.3878 826539 502727172 608.2316 7916 24.3088% 29.2767% 0 304077 0 5.5098 1.5739 11.5836 7.3501 221.3080 
24 18816 7672320 407.7551 845355 510399492 603.7694 8076 15.6114% 28.6245% 0 318087 0 1.6369 1.5753 6.3623 7.3238 74.4490 
25 22711 27557960 1213.4191 868066 537957452 619.7195 8139 24.7173% 28.4649% 0 318187 0 6.3202 1.6995 10.8159 7.5613 260.6418 
26 74842 11905280 159.0722 942908 549862732 583.1562 8159 24.9743% 28.3114% 0 356719 0 0.6852 1.6189 8.1852 7.5807 29.3893 
27 138795 160737568 1158.0934 1081703 710600300 656.9274 10385 40.5713% 30.7339% 0 1180112 2369 5.0630 2.0609 11.6621 8.5207 199.6916 
29 7011 2074400 295.8779 1088714 712674700 654.6023 10585 15.4902% 30.5401% 0 1185855 2369 2.4019 2.0631 7.8435 8.5152 102.7505 
30 2324 2234880 961.6523 1091038 714909580 655.2563 10617 10.8324% 30.5068% 0 1185855 2369 3.4492 2.0660 12.0000 8.5240 133.2434 
35 13282 5907568 444.7800 1104320 744447420 627.3427 10932 6.2455% 27.5904% 0 1190335 2369 4.2624 2.1390 4.6900 7.4675 163.6756 
38 13230 5907568 446.5282 1117550 762170124 621.3483 11121 6.2240% 26.5680% 0 1190335 2369 4.2838 2.2079 4.7225 7.2001 164.4989 
40 13230 5907568 446.5282 1130780 773985260 617.6146 11247 6.2261% 25.9427% 0 1190335 2369 4.2838 2.2515 4.7174 7.0492 164.4989 
41 13249 5907568 445.8878 1144029 779892828 615.8179 11310 6.2454% 25.6445% 0 1190335 2369 4.2730 2.2727 4.7044 6.9807 164.0833 
42 13328 5907568 443.2449 1157357 785800396 614.0207 11373 6.2179% 25.3532% 0 1190335 2369 4.2523 2.2933 4.6800 6.9151 163.2893 
46 13263 5907568 445.4172 1170620 809430668 607.2234 11625 6.2259% 24.2735% 0 1190335 2369 4.2732 2.3717 4.8415 6.6936 164.0896 
47 5981 188160 31.4596 1176601 809618828 604.6516 11641 6.2432% 24.2439% 0 1190335 2369 0.3785 2.3628 3.9929 6.6904 17.0010 
48 172839 347584 2.0110 1349440 809966412 535.7548 11657 1.7274% 23.2377% 0 1190335 2369 0.0530 2.0987 1.0344 6.5863 2.1435 
49 24987 84536 3.3832 1374427 810050948 527.0989 11659 6.1680% 23.2236% 0 1190335 2369 0.0303 2.0651 1.0398 6.5779 1.1649 
55 8261 84536 10.2331 1382688 810558164 510.9222 11671 5.9267% 23.1954% 0 1190335 2369 0.0919 2.0033 1.1162 6.5307 3.5281 
60 8270 84536 10.2220 1390958 810980844 498.1960 11681 5.9652% 23.1720% 0 1190335 2369 0.0918 1.9547 1.0736 6.4921 3.5243 
65 11899 536624 45.0982 1402857 811855612 485.3184 11705 12.4073% 23.1200% 0 1190771 2369 0.0350 1.9042 1.0426 6.4573 4.1308 
66 11033 562628 50.9950 1413890 812418240 482.4726 11707 18.8543% 23.1188% 0 1190771 2369 0.2522 1.8934 1.0014 6.4267 9.6861 
67 67639 639744 9.4582 1481529 813057984 464.2059 11708 24.9762% 23.1209% 0 1190771 2369 0.0567 1.8225 1.0000 6.3851 2.3254 
68 80471 50733568 630.4578 1562000 863791552 471.5086 12816 33.0836% 23.3769% 0 1191669 2369 2.0066 1.8306 8.9772 6.4751 78.2001 
70 3668 4136960 1127.8517 1565668 867928512 472.8201 13136 21.5737% 23.3692% 0 1192929 2369 12.6063 1.8521 17.2924 6.5307 484.0829 
71 3262 7672320 2352.0295 1568930 875600832 476.1536 13296 15.4785% 23.3383% 0 1192929 2369 8.8289 1.8645 15.1979 6.5621 339.0313 
72 46017 27557960 598.8647 1614947 903158792 479.1494 13359 24.1772% 23.3542% 0 1197685 2369 3.0549 1.8935 12.8347 6.6909 118.7590 
73 74338 11905280 160.1507 1689285 915064072 467.0460 13379 24.9192% 23.3799% 0 1198449 2369 0.6804 1.8475 6.5442 6.6888 28.1422 
74 111738 160737280 1438.5194 1801023 1075801352 519.4606 15605 40.5546% 24.6026% 0 1709713 2369 6.2470 2.0849 13.2216 7.2695 241.7669 
76 3494 2074400 593.7035 1804517 1077875752 519.5856 15805 14.0670% 24.5695% 0 1711281 2369 4.6365 2.0892 8.3851 7.2731 178.0424 
77 2309 2234880 967.8995 1806826 1080110632 520.0840 15837 10.7560% 24.5554% 0 1711281 2369 3.4695 2.0907 12.7159 7.2789 133.7764 
78 36505 5907568 161.8290 1843331 1086018200 513.8956 15900 6.2484% 23.9923% 0 1711281 2369 1.5508 2.0814 2.0491 7.0474 59.5518 
82 13323 5907568 443.4113 1856654 1109648472 512.2111 16152 6.2454% 23.2363% 0 1711281 2369 4.2493 2.1350 4.7454 6.8820 163.1719 
83 13139 5907568 449.6208 1869793 1115556040 511.8338 16215 6.2188% 23.0585% 0 1711281 2369 4.3135 2.1481 4.7459 6.8447 165.6382 
84 13280 5907568 444.8470 1883073 1121463608 511.4281 16278 6.2455% 22.8825% 0 1711281 2369 4.2630 2.1609 4.7209 6.8081 163.7002 
88 13376 5907568 441.6543 1896449 1145093880 509.8463 16530 6.2456% 22.2163% 0 1711281 2369 4.2324 2.2106 4.6580 6.6706 162.5254 
93 13290 5907568 444.5123 1909739 1174631720 507.9598 16845 6.2279% 21.4522% 0 1711281 2369 4.2645 2.2696 4.6854 6.5225 163.7562 
94 5948 188160 31.6342 1915687 1174819880 506.7378 16861 6.2320% 21.4387% 0 1711281 2369 0.3753 2.2647 3.4286 6.5200 16.2690 
95 172743 347584 2.0121 2088430 1175167464 471.7386 16877 1.6991% 20.8356% 0 1711281 2369 0.0529 2.1113 1.0430 6.4611 2.1180 
96 25359 84536 3.3336 2113789 1175252000 467.0185 16879 6.1657% 20.8272% 0 1711281 2369 0.0299 2.0904 1.0174 6.4561 1.1478 
97 8269 84536 10.2232 2122058 1175336536 465.5224 16881 5.8928% 20.8244% 0 1711281 2369 0.0918 2.0838 1.0705 6.4514 3.5247 
101 8267 84536 10.2257 2130325 1175674680 459.6262 16889 5.8924% 20.8132% 0 1711281 2369 0.0918 2.0580 1.0736 6.4335 3.5255 
105 8252 84536 10.2443 2138577 1176012824 453.8801 16897 5.8923% 20.8021% 0 1711281 2369 0.0920 2.0329 1.1345 6.4154 3.5319 
112 12264 536624 43.7560 2150841 1177056664 443.6727 16925 12.2126% 20.7704% 0 1711683 2369 0.0280 1.9872 1.0552 6.3866 3.1061 
113 3180 21500 6.7610 2154021 1177078164 443.1497 16945 1.5625% 20.7578% 0 1712009 2369 0.0730 1.9849 1.1777 6.3853 5.4098 
114 40760 559580 13.7287 2194781 1177637744 436.6596 16947 16.1777% 20.7536% 0 1712009 2369 0.0711 1.9560 1.1940 6.3701 3.0590 
115 67870 638720 9.4109 2262651 1178276464 426.1715 16948 24.9764% 20.7569% 0 1712009 2369 0.0565 1.9094 1.0000 6.3454 2.3175 
116 386 17408 45.0984 2263037 1178293872 426.1183 17492 10.1933% 20.7535% 0 1712009 2369 4.2280 1.9097 10.3949 6.3461 162.3544 
117 15552 38802432 2495.0125 2278589 1217096304 437.6892 18580 39.1838% 20.9670% 0 1717349 2369 6.2613 1.9341 9.1596 6.3816 240.4346 
118 66812 11896320 178.0566 2345401 1228992624 431.5974 18600 24.9419% 21.0070% 0 1718181 2369 1.0122 1.9124 5.4477 6.3681 40.7105 
119 3652 4136960 1132.7930 2349053 1233129584 432.4955 18920 21.6057% 21.0088% 0 1719490 2369 12.6616 1.9262 17.2989 6.4021 486.2037 
120 3245 7672320 2364.3513 2352298 1240801904 434.6917 19080 15.4744% 20.9938% 0 1719490 2369 8.8752 1.9341 15.5424 6.4218 340.8074 
121 1761 1075000 610.4486 2354059 1241876904 434.8001 20080 18.0093% 20.9899% 0 1719490 2369 4.6383 1.9358 7.0841 6.4227 189.0998 
122 40786 8977800 220.1196 2394845 1250854704 431.7776 20180 10.1798% 20.6294% 0 1748185 2369 1.0664 1.9235 5.9754 6.4190 53.1524 
123 4645 3291136 708.5330 2399490 1254145840 432.2207 20212 8.6983% 20.6137% 0 1748185 2369 3.7201 1.9264 11.8926 6.4281 142.8530 
124 331 4608 13.9215 2399821 1254150448 432.1730 20356 2.7863% 20.6091% 0 1748185 2369 1.3051 1.9263 3.6610 6.4277 50.1172 
125 34071 37269504 1093.8776 2433892 1291419952 439.8517 20932 22.3142% 20.6549% 0 1762579 2369 4.4866 1.9560 11.4556 6.5037 179.8605 
126 31926 8384000 262.6073 2465818 1299803952 437.9451 20982 12.4952% 20.5240% 0 1788459 2369 1.1683 1.9476 7.6356 6.5099 52.4413 
127 2760 2074400 751.5942 2468578 1301878352 438.2365 21182 14.5010% 20.5130% 0 1789392 2369 5.8696 1.9512 9.2890 6.5154 225.3913 
128 2327 2234880 960.4125 2470905 1304113232 438.6452 21214 10.8252% 20.5059% 0 1789392 2369 3.4448 1.9524 11.8580 6.5194 133.0716 
134 13218 5907568 446.9336 2484123 1339558640 435.4156 21592 6.2185% 19.6455% 0 1789392 2369 4.2877 1.9972 4.6947 6.2815 164.6482 
137 13287 5907568 444.6126 2497410 1357281344 435.5424 21781 6.2456% 19.3426% 0 1789392 2369 4.2608 2.0262 4.7419 6.2256 163.6140 
145 5992 188160 31.4019 2503402 1398822480 435.0438 22238 6.2440% 18.6743% 0 1789748 2369 0.3778 2.0878 3.9170 6.1083 16.9698 
146 172575 347584 2.0141 2675977 1399170064 412.9861 22254 1.7273% 18.2807% 0 1789748 2369 0.0531 1.9842 1.0790 6.0697 2.1468 
148 8267 84536 10.2257 2684244 1399339136 408.9820 22258 5.8938% 18.2738% 0 1789748 2369 0.0918 1.9651 1.0705 6.0631 3.5255 
149 8256 84536 10.2393 2692500 1399423672 408.0221 22260 5.9281% 18.2721% 0 1789748 2369 0.0919 1.9606 1.1244 6.0601 3.5302 
155 8304 84536 10.1802 2700804 1399930888 402.3400 22272 6.0027% 18.2616% 0 1789748 2369 0.0913 1.9339 1.0737 6.0416 3.5052 
163 11898 536624 45.1020 2712702 1401059264 394.7426 22302 12.3958% 18.2399% 0 1790184 2369 0.0350 1.8975 1.0452 6.0184 4.1311 
164 69768 27839232 399.0258 2782470 1428898496 394.8252 22590 11.2499% 17.9231% 0 1846482 2369 1.1512 1.8831 5.0452 6.0048 57.9456 
165 9985 27839232 2788.1055 2792455 1456737728 401.4101 22878 11.1889% 17.8839% 0 1846482 2369 7.2108 1.8978 13.9481 6.0407 276.8953 
166 10815 6024704 557.0693 2803270 1462762432 401.8726 22897 24.0298% 17.8936% 0 1846482 2369 1.4291 1.8964 3.5239 6.0311 56.4549 
167 59361 21664512 364.9620 2862631 1484426944 401.2803 23185 11.2500% 17.6489% 0 1889713 2369 1.3908 1.8883 5.3712 6.0224 79.4898 
168 2192 21500 9.8084 2864823 1484448444 401.0485 23205 1.5625% 17.6435% 0 1890857 2369 0.0730 1.8872 1.1268 6.0218 5.9562 
169 41087 560080 13.6316 2905910 1485008524 396.7952 23207 16.3659% 17.6427% 0 1890857 2369 0.0699 1.8672 1.1953 6.0118 3.0132 
170 69550 651264 9.3640 2975460 1485659788 389.7267 23208 24.9624% 17.6466% 0 1890857 2369 0.0439 1.8340 1.0000 5.9987 1.8330 
171 387 17408 44.9819 2975847 1485677196 389.6917 23752 10.1940% 17.6449% 0 1890857 2369 4.2171 1.8342 10.0123 5.9992 161.9349 
172 15820 38802432 2452.7454 2991667 1524479628 398.2170 24840 38.9611% 17.8229% 0 1895732 2369 6.1552 1.8521 9.0088 6.0269 236.3615 
173 68016 12264960 180.3246 3059683 1536744588 394.4134 24860 24.9983% 17.8973% 0 1929983 2369 0.9492 1.8363 8.5737 6.0431 39.5653 
174 38963 563128 14.4529 3098646 1537307716 390.6514 24862 15.9857% 17.8962% 0 1929983 2369 0.0736 1.8189 1.2134 6.0335 3.1616 
175 29015 652288 22.4811 3127661 1537960004 387.9567 24863 24.9285% 17.8978% 0 1929983 2369 0.1051 1.8063 1.0000 6.0206 4.3939 
176 39784 51102208 1284.4915 3167445 1589062212 396.8646 25971 35.2135% 18.0616% 0 1929983 2369 3.9629 1.8277 8.4130 6.0577 154.5729 
178 38547 1581760 41.0346 3205992 1590643972 393.4717 25973 46.8069% 18.0783% 0 1929983 2369 0.1014 1.8113 1.6940 6.0494 4.1382 
179 12119 258560 21.3351 3218111 1590902532 392.3594 25993 22.5747% 18.0864% 0 1935827 2369 0.5240 1.8074 3.4681 6.0455 23.1623 
180 17879 53088984 2969.3486 3235990 1643991516 403.6726 29035 52.4200% 18.4158% 0 1949189 2369 10.8160 1.8470 13.2370 6.1311 416.9060 
181 30482 23158080 759.7297 3266472 1667149596 406.3178 29075 46.3326% 18.6665% 0 2012935 2369 2.8515 1.8544 10.6494 6.1610 113.8823 
182 19066 563128 29.5357 3285538 1667712724 404.5751 29077 16.3750% 18.6659% 0 2012935 2369 0.1503 1.8466 1.0010 6.1490 6.4611 
183 52083 652288 12.5240 3337621 1668365012 399.6833 29078 24.9560% 18.6684% 0 2012935 2369 0.0586 1.8243 1.0000 6.1364 2.4507 
184 47215 51102208 1082.3300 3384836 1719467220 407.3185 30186 34.8772% 18.8255% 0 2013789 2369 3.2579 1.8403 8.8530 6.1739 127.1222 
186 9173 4567040 497.8786 3394009 1724034260 407.5148 30506 24.7946% 18.8552% 0 2019162 2369 2.6024 1.8419 5.7872 6.1726 108.9751 
187 20783 7983360 384.1293 3414792 1732017620 407.4005 30666 15.6150% 18.8168% 0 2033145 2369 0.8661 1.8372 3.4503 6.1614 44.3439 
188 24188 27582960 1140.3572 3438980 1759600580 411.5470 30729 23.7592% 18.8654% 0 2036262 2369 5.8653 1.8600 9.8201 6.2026 241.2843 
189 75946 11951360 157.3665 3514926 1771551940 407.1109 30749 24.9758% 18.9308% 0 2074022 2369 0.6373 1.8386 7.7490 6.2101 27.5059 
190 115214 160839680 1396.0082 3630140 1932391620 432.6183 32975 37.3273% 19.7482% 0 2719751 2369 6.0466 1.9472 12.6029 6.4731 236.5459 
192 7873 2251200 285.9393 3638013 1934642820 432.3602 33175 15.5823% 19.7310% 0 2725165 2369 1.3362 1.9461 4.5325 6.4698 61.8458 
193 2954 2321152 785.7657 3640967 1936963972 432.5934 33207 10.6436% 19.7254% 0 2725165 2369 1.3541 1.9457 6.4412 6.4698 51.9973 
194 41135 5535968 134.5805 3682102 1942499940 429.8805 33270 6.2495% 19.4959% 0 2730110 2369 0.7134 1.9345 1.7583 6.4121 29.8640 
202 13566 5535968 408.0767 3695668 1986787684 429.2507 33774 6.2440% 18.9353% 0 2730110 2369 2.0981 1.9379 2.7559 6.2084 80.5675 
203 13629 5535968 406.1903 3709297 1992323652 429.1830 33837 6.2321% 18.8690% 0 2730110 2369 2.0907 1.9383 2.8372 6.1851 80.2825 
205 13543 5535968 408.7697 3722840 2003395588 429.0600 33963 6.2348% 18.7380% 0 2730110 2369 2.1040 1.9392 2.8663 6.1404 80.7923 
208 13600 5535968 407.0565 3736440 2020003492 428.8740 34152 6.2448% 18.5464% 0 2730110 2369 2.0929 1.9406 2.8051 6.0727 80.3661 
210 4816 224064 46.5249 3741256 2025763524 428.4299 34231 6.2449% 18.4781% 0 2730110 2369 0.2699 1.9394 2.8322 6.0518 12.6618 
211 284249 406624 1.4305 4025505 2026170148 404.2160 34232 1.6588% 18.4491% 0 2730110 2369 0.0299 1.8311 1.0000 6.0236 1.1532 
214 7979 80736 10.1186 4033484 2026412356 401.0777 34238 6.1072% 18.4432% 0 2730110 2369 0.0481 1.8169 1.0521 6.0202 1.8481 
216 8404 80736 9.6069 4041888 2026573828 399.7882 34242 5.9881% 18.4407% 0 2730110 2369 0.0457 1.8111 1.0726 6.0178 1.7546 
218 8288 80736 9.7413 4050176 2026735300 398.5410 34246 5.9454% 18.4382% 0 2730110 2369 0.0465 1.8054 1.0158 6.0154 1.7838 
220 8290 80736 9.7390 4058466 2026896772 397.3017 34250 6.0264% 18.4358% 0 2730110 2369 0.0463 1.7998 1.0521 6.0130 1.7787 
222 7979 80736 10.1186 4066445 2027058244 396.0703 34254 6.1068% 18.4333% 0 2730110 2369 0.0481 1.7942 1.0323 6.0106 1.8481 
227 7976 80736 10.1224 4074421 2027461924 393.0027 34264 6.1068% 18.4272% 0 2730110 2369 0.0481 1.7804 1.0159 6.0046 1.8487 
228 11957 553648 46.3033 4086378 2028015572 392.2010 34280 12.3737% 18.4202% 0 2730110 2369 0.0348 1.7763 1.0452 6.0033 4.4190 
229 10988 563128 51.2494 4097366 2028578700 391.4781 34282 18.8304% 18.4203% 0 2730110 2369 0.2505 1.7731 1.0000 5.9943 9.6175 
230 69208 652288 9.4250 4166574 2029230988 386.4427 34283 24.9667% 18.4230% 0 2730110 2369 0.0441 1.7503 1.0000 5.9844 1.8421 
231 81929 51102208 623.7377 4248503 2080333196 390.0882 35391 33.2402% 18.5633% 0 2730986 2369 1.8764 1.7522 9.6357 6.0219 73.0870 
233 4114 4567040 1110.1216 4252617 2084900236 390.6432 35711 23.3648% 18.5722% 0 2731426 2369 5.6276 1.7552 9.8940 6.0278 216.1003 
234 3875 7983360 2060.2219 4256492 2092883596 391.8545 35871 15.5092% 18.5665% 0 2731426 2369 4.1290 1.7569 11.1343 6.0325 158.5548 
235 46274 27582960 596.0790 4302766 2120466556 393.6087 35934 24.2226% 18.6109% 0 2736822 2369 3.0091 1.7677 11.9054 6.0763 117.4057 
236 75794 11951360 157.6821 4378560 2132417916 390.3355 35954 24.9504% 18.6564% 0 2738490 2369 0.6320 1.7519 6.2240 6.0770 26.5477 
237 111980 160839680 1436.3251 4490540 2293257596 411.3452 38180 40.4901% 19.2853% 0 3242393 2369 6.2045 1.8414 13.1897 6.3072 240.1114 
239 2513 2251200 895.8217 4493053 2295508796 411.5635 38380 15.0713% 19.2812% 0 3242907 2369 3.8997 1.8423 7.0352 6.3079 149.7493 
240 2953 2321152 786.0319 4496006 2297829948 411.7617 38412 10.6491% 19.2767% 0 3242907 2369 1.3546 1.8420 6.6667 6.3080 52.0149 
243 13613 5535968 406.6678 4509619 2314437852 410.1595 38601 6.2440% 18.9975% 0 3242907 2369 2.0909 1.8369 2.7913 6.2215 80.2894 
253 13645 5535968 405.7140 4523264 2369797532 410.1011 39231 6.2450% 18.4293% 0 3242907 2369 2.0860 1.8430 2.9879 6.0388 80.1011 
257 4816 224064 46.5249 4528080 2386629500 409.7876 39436 6.2449% 18.2640% 0 3242907 2369 0.2699 1.8435 2.8322 5.9865 12.6618 
258 283891 406624 1.4323 4811971 2387036124 390.8077 39437 1.6589% 18.2392% 0 3242907 2369 0.0300 1.7592 1.0000 5.9629 1.1546 
259 23410 80736 3.4488 4835381 2387116860 389.3287 39439 6.2016% 18.2362% 0 3242907 2369 0.0164 1.7525 1.0267 5.9619 0.6299 
263 8404 80736 9.6069 4843785 2387439804 387.2991 39447 5.9887% 18.2320% 0 3242907 2369 0.0457 1.7434 1.0726 5.9579 1.7546 
265 8288 80736 9.7413 4852073 2387601276 386.3059 39451 5.9471% 18.2300% 0 3242907 2369 0.0465 1.7389 1.0322 5.9559 1.7838 
275 11959 553648 46.2955 4864032 2388881548 381.2390 39485 12.3638% 18.2147% 0 3242907 2369 0.0348 1.7158 1.0400 5.9459 4.4183 
276 2680 21500 8.0224 4866712 2388903048 381.0794 39505 1.5625% 18.2106% 0 3242907 2369 0.0571 1.7151 1.1333 5.9455 4.4704 
277 40042 560080 13.9873 4906754 2389463128 378.7495 39507 16.2022% 18.2097% 0 3242907 2369 0.0716 1.7047 1.2000 5.9392 3.0841 
278 69158 651264 9.4170 4975912 2390114392 374.7447 39508 24.9720% 18.2122% 0 3242907 2369 0.0441 1.6867 1.0000 5.9309 1.8434 
279 382 17408 45.5707 4976294 2390131800 374.7250 40052 10.1611% 18.2110% 0 3242907 2369 4.2723 1.6868 10.3949 5.9313 164.0545 
280 15231 38802432 2547.5957 4991525 2428934232 379.9013 41140 38.9930% 18.3250% 0 3247471 2369 6.3933 1.6980 9.9110 5.9528 245.5018 
281 68469 12264960 179.1316 5059994 2441199192 377.7740 41160 24.9695% 18.3628% 0 3248376 2369 0.8801 1.6894 5.4127 5.9495 36.1180 
282 4083 4567040 1118.5500 5064077 2445766232 378.2418 41480 23.3978% 18.3708% 0 3248975 2369 5.6703 1.6919 9.7033 5.9544 217.7411 
283 3872 7983360 2061.8181 5067949 2453749592 379.2493 41640 15.5126% 18.3663% 0 3248975 2369 4.1322 1.6934 11.4778 5.9585 158.6777 
284 1510 1075000 711.9205 5069459 2454824592 379.3270 42640 18.5123% 18.3663% 0 3248975 2369 3.3980 1.6938 6.6984 5.9589 140.4779 
285 41777 9012800 215.7359 5111236 2463837392 378.2777 42740 10.0447% 18.2294% 0 3278542 2369 1.0034 1.6893 5.6363 5.9576 50.3308 
286 5433 3337216 614.2492 5116669 2467174608 378.4743 42772 8.5564% 18.2220% 0 3278542 2369 2.6505 1.6901 11.5570 5.9613 101.7780 
287 329 4608 14.0061 5116998 2467179216 378.4559 42916 2.7868% 18.2201% 0 3278542 2369 1.3131 1.6901 3.5702 5.9612 50.4219 
288 19789 37269504 1883.3445 5136787 2504448720 383.0103 43492 21.7606% 18.2421% 0 3278690 2369 7.6168 1.7080 10.6027 5.9966 293.0889 
289 33083 8486400 256.5185 5169870 2512935120 382.3735 43542 12.4949% 18.1947% 0 3314758 2369 1.0323 1.7046 7.0441 5.9993 47.1251 
290 2953 2251200 762.3434 5172823 2515186320 382.5442 43742 14.6186% 18.1909% 0 3315687 2369 3.3187 1.7054 6.6082 5.9998 127.4365 
291 2953 2321152 786.0319 5175776 2517507472 382.7253 43774 10.6452% 18.1874% 0 3315687 2369 1.3546 1.7052 7.2072 6.0002 52.0149 
295 13540 5535968 408.8603 5189316 2539651344 381.6440 44026 6.2356% 17.9123% 0 3315687 2369 2.1044 1.7027 2.8352 5.9064 80.8102 
296 13615 5535968 406.6080 5202931 2545187312 381.6949 44089 6.2442% 17.8649% 0 3315687 2369 2.0906 1.7035 2.7642 5.8896 80.2776 
299 13557 5535968 408.3476 5216488 2561795216 381.8604 44278 6.2334% 17.7258% 0 3315687 2369 2.1018 1.7059 2.8990 5.8430 80.7088 
300 13600 5535968 407.0565 5230088 2567331184 381.9113 44341 6.2441% 17.6800% 0 3315687 2369 2.0929 1.7067 2.8279 5.8276 80.3661 
304 13573 5535968 407.8662 5243661 2589475056 382.1192 44593 6.2448% 17.5005% 0 3315687 2369 2.0970 1.7098 2.7190 5.7664 80.5260 
308 4899 224064 45.7367 5248560 2606307024 382.0345 44798 6.2369% 17.3680% 0 3315687 2369 0.2482 1.7111 5.3805 5.7257 9.8136 
309 284852 406624 1.4275 5533412 2606713648 366.7797 44799 1.6586% 17.3473% 0 3315687 2369 0.0299 1.6437 1.0000 5.7061 1.1507 
311 8290 80736 9.7390 5541702 2606875120 365.1614 44803 5.9062% 17.3440% 0 3315687 2369 0.0464 1.6365 1.0322 5.7044 1.7834 
313 8289 80736 9.7401 5549991 2607036592 364.3535 44807 5.9852% 17.3423% 0 3315687 2369 0.0464 1.6329 1.0158 5.7027 1.7836 
314 8399 80736 9.6126 5558390 2607117328 363.9376 44809 5.9886% 17.3414% 0 3315687 2369 0.0457 1.6310 1.0608 5.7018 1.7556 
316 8288 80736 9.7413 5566678 2607278800 363.1355 44813 5.9457% 17.3397% 0 3315687 2369 0.0465 1.6274 1.0158 5.7002 1.7838 
318 8331 80736 9.6910 5575009 2607440272 362.3348 44817 6.0158% 17.3380% 0 3315687 2369 0.0461 1.6238 1.0726 5.6985 1.7700 
320 7981 80736 10.1160 5582990 2607601744 361.5394 44821 6.1073% 17.3363% 0 3315687 2369 0.0481 1.6203 1.0787 5.6969 1.8476 
326 12065 553648 45.8888 5595055 2608559072 359.0336 44847 10.4002% 17.3302% 0 3315687 2369 0.0113 1.6087 1.0543 5.6924 0.8148 
