1 77528 120043008 1548.3826 77528 120043008 1548.3826 144 22.5036% 22.5036% 0 45963 0 1.7843 1.7843 5.0350 5.0350 97.4443 97.4443 
2 30079 120043008 3990.9241 107607 240086016 2231.1375 288 21.9281% 22.3547% 0 45963 0 3.9448 2.3882 14.1628 7.1679 151.4808 112.5489 
3 8515 5425664 637.1890 116122 245511680 2114.2563 307 23.2742% 22.3713% 0 45963 0 3.6094 2.4778 6.1126 7.0381 140.3596 114.5882 
4 35917 21111552 587.7872 152039 266623232 1753.6503 595 11.2269% 19.5718% 0 66147 0 3.5631 2.7342 7.2626 7.1058 177.7966 129.5203 
5 1902 21500 11.3039 153941 266644732 1732.1229 615 1.5625% 19.5128% 0 66792 0 0.1262 2.7020 1.2183 7.0860 9.6909 128.0397 
6 27986 559580 19.9950 181927 267204312 1468.7448 617 16.3839% 19.4978% 0 66792 0 0.1036 2.3022 1.2078 6.8550 4.4607 109.0295 
7 48473 638720 13.1768 230400 267843032 1162.5132 618 24.9670% 19.5209% 0 66792 0 0.0791 1.8345 1.0000 6.5095 3.2448 86.7738 
8 2004 17408 8.6866 232404 267860440 1152.5638 1162 10.2976% 19.4028% 0 67902 0 0.9341 1.8268 2.2691 6.4563 49.6671 86.4539 
9 30814 38802432 1259.2468 263218 306662872 1165.0529 2250 42.4717% 23.2327% 0 84188 0 3.2718 1.9959 8.5852 6.7789 138.4962 92.5463 
10 48498 11896320 245.2951 311716 318559192 1021.9533 2270 24.9976% 23.3473% 0 97832 0 1.5675 1.9293 7.9477 6.9073 64.4196 88.1702 
11 27886 562628 20.1760 339602 319121820 939.6936 2272 16.2780% 23.3217% 0 97832 0 0.1040 1.7794 1.2125 6.7551 4.4712 81.2974 
12 27583 639744 23.1934 367185 319761564 870.8459 2273 24.9406% 23.3247% 0 97832 0 0.1389 1.6561 1.0000 6.5187 5.7023 75.6187 
13 55357 50733568 916.4797 422542 370495132 876.8244 3381 39.4095% 25.6667% 0 110548 0 3.1164 1.8474 7.4177 6.6981 128.3279 82.5241 
15 30731 1569216 51.0630 453273 372064348 820.8394 3383 46.7906% 25.7403% 0 110548 0 0.1527 1.7325 1.6878 6.5813 6.1703 77.3474 
16 9408 258060 27.4298 462681 372322408 804.7065 3403 23.2838% 25.7149% 0 113370 0 0.6781 1.7111 3.4191 6.5326 29.9592 76.3839 
17 26985 53088984 1967.3517 489666 425411392 868.7787 6445 56.1840% 28.8856% 0 121892 0 7.2357 2.0156 13.5792 7.2800 286.0469 87.9382 
18 22942 21242880 925.9385 512608 446654272 871.3369 6485 46.2988% 29.6498% 0 138118 0 4.2769 2.1168 11.3631 7.5245 170.0567 91.6134 
19 21897 562628 25.6943 534505 447216900 836.6935 6487 16.4410% 29.6232% 0 138118 0 0.1324 2.0355 1.1638 7.4165 5.6941 88.0936 
20 43144 639744 14.8281 577649 447856644 775.3093 6488 24.9634% 29.6136% 0 138118 0 0.0888 1.8901 1.0000 7.2532 3.6456 81.7863 
21 52376 50733568 968.6415 630025 498590212 791.3817 7596 32.7117% 29.8365% 0 147270 0 3.1016 1.9908 11.2798 7.6048 123.0184 85.2140 
23 6788 4136960 609.4520 636813 502727172 789.4424 7916 24.1951% 29.7100% 0 150368 0 6.9181 2.0433 11.9826 7.7064 277.8739 87.2676 
24 13991 7672320 548.3754 650804 510399492 784.2599 8076 15.6084% 29.0656% 0 159355 0 2.2014 2.0467 6.4395 7.6715 100.1238 87.5440 
25 22637 27557960 1217.3857 673441 537957452 798.8190 8139 24.7182% 28.8445% 0 159380 0 6.3357 2.1909 10.6602 7.8864 260.7068 93.3647 
26 55223 11905280 215.5855 728664 549862732 754.6177 8159 24.9644% 28.6831% 0 178188 0 0.9286 2.0952 8.3613 7.9015 39.8304 89.3075 
27 115694 160737952 1389.3370 844358 710600684 841.5870 10385 41.6869% 31.4174% 0 886014 8102 6.0613 2.6387 12.2351 8.8929 239.0768 109.8289 
29 5455 2074400 380.2750 849813 712675084 838.6257 10585 15.4359% 31.2202% 0 889560 8102 3.0871 2.6415 7.8035 8.8836 132.0594 109.9716 
30 2328 2234880 960.0000 852141 714909964 838.9573 10617 10.7559% 31.1765% 0 889560 8102 3.4433 2.6437 11.9821 8.8918 133.0144 110.0346 
31 29650 5907568 199.2434 881791 720817532 817.4471 10680 6.2487% 29.9068% 0 891739 8102 1.9370 2.6200 2.4785 8.3544 77.5628 108.9427 
32 14219 5907568 415.4700 896010 726725100 811.0681 10743 6.2337% 29.3732% 0 891739 8102 4.0014 2.6419 4.5386 8.1889 155.4445 109.6807 
33 13147 5907568 449.3472 909157 732632668 805.8373 10806 6.2462% 28.8761% 0 891739 8102 4.3062 2.6660 4.6943 8.0489 165.3563 110.4858 
34 13061 5907568 452.3059 922218 738540236 800.8304 10869 6.2342% 28.4040% 0 891739 8102 4.3393 2.6897 4.8209 7.9277 166.6274 111.2809 
35 12983 5907568 455.0233 935201 744447804 796.0297 10932 6.2461% 27.9523% 0 891739 8102 4.3605 2.7128 4.7319 7.8100 167.4451 112.0606 
36 13088 5907568 451.3729 948289 750355372 791.2729 10995 6.2362% 27.5136% 0 891739 8102 4.3303 2.7352 4.7292 7.7004 166.2836 112.8090 
37 13079 5907568 451.6835 961368 756262940 786.6529 11058 6.2462% 27.0948% 0 891739 8102 4.3285 2.7568 4.7056 7.5971 166.2160 113.5355 
38 13129 5907568 449.9633 974497 762170508 782.1168 11121 6.2335% 26.6888% 0 891739 8102 4.3168 2.7779 4.6944 7.5000 165.7643 114.2392 
39 13041 5907568 452.9996 987538 768078076 777.7706 11184 6.2462% 26.3018% 0 891739 8102 4.3412 2.7985 4.7327 7.4112 166.7003 114.9320 
40 13190 5907568 447.8823 1000728 773985644 773.4226 11247 6.2293% 25.9243% 0 891739 8102 4.2968 2.8183 4.6819 7.3254 164.9977 115.5919 
41 13092 5907568 451.2350 1013820 779893212 769.2620 11310 6.2462% 25.5656% 0 891739 8102 4.3242 2.8377 4.7036 7.2459 166.0510 116.2435 
42 13011 5907568 454.0441 1026831 785800780 765.2679 11373 6.2340% 25.2213% 0 891739 8102 4.3559 2.8569 4.7072 7.1712 167.2677 116.8900 
43 13157 5907568 449.0057 1039988 791708348 761.2668 11436 6.2462% 24.8847% 0 891739 8102 4.3029 2.8752 4.6630 7.0989 165.2306 117.5016 
44 12981 5907568 455.0934 1052969 797615916 757.4923 11499 6.2310% 24.5638% 0 891739 8102 4.3660 2.8936 4.7162 7.0328 167.6543 118.1198 
45 13120 5907568 450.2719 1066089 803523484 753.7114 11562 6.2462% 24.2509% 0 891739 8102 4.3150 2.9111 4.7013 6.9698 165.6966 118.7053 
46 13090 5907568 451.3039 1079179 809431052 750.0433 11625 6.2300% 23.9482% 0 891739 8102 4.3296 2.9283 4.6932 6.9097 166.2582 119.2821 
47 4349 188160 43.2651 1083528 809619212 747.2065 11641 6.2406% 23.9227% 0 891739 8102 0.5206 2.9186 3.9306 6.9059 23.3808 118.8972 
48 168042 347584 2.0684 1251570 809966796 647.1606 11657 1.6776% 22.7564% 0 891739 8102 0.0546 2.5341 1.0543 6.7969 2.2047 103.2295 
49 16959 84536 4.9847 1268529 810051332 638.5753 11659 6.1564% 22.7454% 0 891739 8102 0.0447 2.5008 1.0285 6.7878 1.7163 101.8724 
50 8069 84536 10.4766 1276598 810135868 634.6053 11661 6.0004% 22.7400% 0 891739 8102 0.0941 2.4856 1.0705 6.7791 3.6120 101.2513 
51 8067 84536 10.4792 1284665 810220404 630.6862 11663 6.0173% 22.7347% 0 891739 8102 0.0941 2.4706 1.0984 6.7707 3.6129 100.6382 
52 8072 84536 10.4727 1292737 810304940 626.8135 11665 6.0353% 22.7294% 0 891739 8102 0.0940 2.4558 1.0705 6.7621 3.6107 100.0323 
53 8104 84536 10.4314 1300841 810389476 622.9735 11667 6.0548% 22.7241% 0 891739 8102 0.0935 2.4410 1.0737 6.7536 3.5917 99.4315 
54 8063 84536 10.4844 1308904 810474012 619.2005 11669 6.0043% 22.7188% 0 891739 8102 0.0941 2.4266 1.0812 6.7451 3.6147 98.8413 
55 8064 84536 10.4831 1316968 810558548 615.4732 11671 6.0175% 22.7135% 0 891739 8102 0.0941 2.4123 1.0937 6.7368 3.6143 98.2582 
56 8071 84536 10.4740 1325039 810643084 611.7881 11673 6.0362% 22.7082% 0 891739 8102 0.0940 2.3982 1.0705 6.7283 3.6112 97.6817 
57 8110 84536 10.4237 1333149 810727620 608.1298 11675 6.0549% 22.7029% 0 891739 8102 0.0935 2.3842 1.0706 6.7198 3.5891 97.1093 
58 8056 84536 10.4935 1341205 810812156 604.5400 11677 5.9986% 22.6976% 0 891739 8102 0.0942 2.3704 1.1244 6.7119 3.6179 96.5477 
59 8053 84536 10.4975 1349258 810896692 600.9946 11679 6.0183% 22.6924% 0 891739 8102 0.0943 2.3568 1.0937 6.7036 3.6192 95.9931 
60 8071 84536 10.4740 1357329 810981228 597.4832 11681 6.0363% 22.6871% 0 891739 8102 0.0940 2.3434 1.0705 6.6952 3.6112 95.4438 
61 8107 84536 10.4275 1365436 811065764 593.9977 11683 6.0551% 22.6818% 0 891739 8102 0.0935 2.3300 1.0572 6.6867 3.5904 94.8984 
62 8052 84536 10.4988 1373488 811150300 590.5769 11685 6.0013% 22.6765% 0 891739 8102 0.0943 2.3169 1.0690 6.6784 3.6197 94.3633 
63 8069 84536 10.4766 1381557 811234836 587.1888 11687 6.0197% 22.6713% 0 891739 8102 0.0941 2.3039 1.0921 6.6702 3.6120 93.8332 
64 8073 84536 10.4714 1389630 811319372 583.8384 11689 6.0369% 22.6660% 0 891739 8102 0.0940 2.2911 1.1211 6.6624 3.6103 93.3091 
65 8344 536624 64.3126 1397974 811855996 580.7375 11705 12.3717% 22.6393% 0 891973 8102 0.0499 2.2777 1.0374 6.6576 5.8907 92.7873 
66 32267 562628 17.4366 1430241 812418624 568.0292 11707 22.5062% 22.6392% 0 891973 8102 0.0880 2.2283 1.0004 6.6243 3.5881 90.7749 
67 50323 639744 12.7128 1480564 813058368 549.1545 11708 24.9718% 22.6414% 0 891973 8102 0.0761 2.1551 1.0000 6.5798 3.1255 87.7958 
68 62562 50733568 810.9326 1543126 863791936 559.7676 12816 32.8304% 22.9510% 0 893456 8102 2.5881 2.1727 9.3443 6.6752 101.6782 88.3587 
70 3365 4136960 1229.4086 1546491 867928896 561.2247 13136 21.9148% 22.9462% 0 894149 8102 13.7415 2.1979 18.1690 6.7331 527.6719 89.3145 
71 3255 7672320 2357.0876 1549746 875601216 564.9966 13296 15.4754% 22.9112% 0 894149 8102 8.8479 2.2118 15.7377 6.7657 339.7604 89.8406 
72 28464 27557960 968.1689 1578210 903159176 572.2681 13359 24.2121% 22.9369% 0 896049 8102 4.9511 2.2612 12.6233 6.8919 193.8725 91.7169 
73 54131 11905280 219.9346 1632341 915064456 560.5841 13379 24.9651% 22.9764% 0 913566 8102 0.9473 2.2177 8.6301 6.9117 40.6339 90.0229 
74 93327 160737376 1722.3031 1725668 1075801832 623.4119 15605 41.9823% 24.3796% 0 1371774 8102 7.4901 2.5028 13.6761 7.5131 289.4440 100.8079 
76 2583 2074400 803.0972 1728251 1077876232 623.6804 15805 14.4825% 24.3520% 0 1372555 8102 6.2718 2.5084 9.8122 7.5197 240.8362 101.0172 
77 2307 2234880 968.7386 1730558 1080111112 624.1404 15837 10.7532% 24.3355% 0 1372555 8102 3.4746 2.5097 12.0360 7.5249 134.2252 101.0614 
78 26443 5907568 223.4076 1757001 1086018680 618.1093 15900 6.2482% 23.8599% 0 1372555 8102 2.1409 2.5042 2.5385 7.3394 82.2123 100.7778 
79 13087 5907568 451.4073 1770088 1091926248 616.8768 15963 6.2324% 23.6335% 0 1372555 8102 4.3306 2.5177 4.6769 7.2866 166.2963 101.2622 
80 12979 5907568 455.1636 1783067 1097833816 615.6997 16026 6.2462% 23.4142% 0 1372555 8102 4.3619 2.5311 4.7280 7.2375 167.4967 101.7443 
81 12967 5907568 455.5848 1796034 1103741384 614.5438 16089 6.2309% 23.2010% 0 1372555 8102 4.3707 2.5444 4.6955 7.1892 167.8353 102.2215 
82 13147 5907568 449.3472 1809181 1109648952 613.3432 16152 6.2459% 22.9906% 0 1372555 8102 4.3062 2.5572 4.7036 7.1431 165.3563 102.6802 
83 12975 5907568 455.3039 1822156 1115556520 612.2179 16215 6.2252% 22.7874% 0 1372555 8102 4.3680 2.5701 4.7351 7.0994 167.7318 103.1435 
84 13004 5907568 454.2885 1835160 1121464088 611.0988 16278 6.2462% 22.5888% 0 1372555 8102 4.3535 2.5827 4.7244 7.0570 167.1747 103.5972 
85 12991 5907568 454.7431 1848151 1127371656 609.9998 16341 6.2256% 22.3953% 0 1372555 8102 4.3626 2.5952 4.7614 7.0170 167.5252 104.0465 
86 13079 5907568 451.6835 1861230 1133279224 608.8873 16404 6.2462% 22.2045% 0 1372555 8102 4.3285 2.6074 4.7252 6.9775 166.2160 104.4834 
87 13097 5907568 451.0627 1874327 1139186792 607.7845 16467 6.2264% 22.0192% 0 1372555 8102 4.3273 2.6194 4.6808 6.9382 166.1694 104.9144 
88 13076 5907568 451.7871 1887403 1145094360 606.7037 16530 6.2462% 21.8372% 0 1372555 8102 4.3295 2.6313 4.7048 6.9009 166.2541 105.3394 
89 12998 5907568 454.4982 1900401 1151001928 605.6627 16593 6.2288% 21.6610% 0 1372555 8102 4.3603 2.6431 4.7182 6.8651 167.4350 105.7641 
90 13100 5907568 450.9594 1913501 1156909496 604.6035 16656 6.2463% 21.4868% 0 1372555 8102 4.3216 2.6546 4.6819 6.8296 165.9496 106.1762 
91 13284 5907568 444.7130 1926785 1162817064 603.5012 16719 6.2323% 21.3142% 0 1372555 8102 4.2664 2.6657 4.6405 6.7942 163.8302 106.5736 
92 13055 5907568 452.5138 1939840 1168724632 602.4850 16782 6.2462% 21.1485% 0 1372555 8102 4.3365 2.6770 4.7064 6.7615 166.5216 106.9771 
93 13043 5907568 452.9301 1952883 1174632200 601.4862 16845 6.2263% 20.9861% 0 1372555 8102 4.3452 2.6881 4.7111 6.7299 166.8573 107.3770 
94 4448 188160 42.3022 1957331 1174820360 600.2155 16861 6.2421% 20.9720% 0 1372555 8102 0.5090 2.6831 3.8900 6.7278 22.8604 107.1850 
95 167952 347584 2.0695 2125283 1175167944 552.9466 16877 1.6799% 20.3016% 0 1372555 8102 0.0546 2.4754 1.0425 6.6644 2.2059 98.8889 
96 17362 84536 4.8690 2142645 1175252480 548.5054 16879 6.1540% 20.2952% 0 1372555 8102 0.0437 2.4557 1.0616 6.6594 1.6765 98.1012 
97 8069 84536 10.4766 2150714 1175337016 546.4869 16881 6.0001% 20.2922% 0 1372555 8102 0.0941 2.4469 1.0705 6.6544 3.6120 97.7467 
98 8053 84536 10.4975 2158767 1175421552 544.4875 16883 6.0172% 20.2892% 0 1372555 8102 0.0943 2.4381 1.1379 6.6497 3.6192 97.3956 
99 8058 84536 10.4909 2166825 1175506088 542.5016 16885 6.0355% 20.2862% 0 1372555 8102 0.0942 2.4294 1.1244 6.6450 3.6170 97.0468 
100 8115 84536 10.4173 2174940 1175590624 540.5164 16887 6.0550% 20.2832% 0 1372555 8102 0.0934 2.4207 1.1213 6.6403 3.5868 96.6981 
101 8052 84536 10.4988 2182992 1175675160 538.5613 16889 5.9993% 20.2802% 0 1372555 8102 0.0943 2.4121 1.1345 6.6357 3.6197 96.3548 
102 8107 84536 10.4275 2191099 1175759696 536.6073 16891 6.0040% 20.2772% 0 1372555 8102 0.0936 2.4035 1.1228 6.6310 3.5951 96.0116 
103 8055 84536 10.4948 2199154 1175844232 534.6802 16893 6.0366% 20.2742% 0 1372555 8102 0.0942 2.3950 1.1145 6.6262 3.6183 95.6732 
104 8111 84536 10.4224 2207265 1175928768 532.7538 16895 6.0547% 20.2712% 0 1372555 8102 0.0935 2.3866 1.0706 6.6213 3.5886 95.3348 
105 8055 84536 10.4948 2215320 1176013304 530.8548 16897 5.9997% 20.2682% 0 1372555 8102 0.0942 2.3782 1.1195 6.6166 3.6183 95.0013 
106 8070 84536 10.4753 2223390 1176097840 528.9661 16899 6.0184% 20.2652% 0 1372555 8102 0.0941 2.3699 1.0705 6.6117 3.6116 94.6696 
107 8069 84536 10.4766 2231459 1176182376 527.0912 16901 6.0357% 20.2622% 0 1372555 8102 0.0941 2.3617 1.0812 6.6068 3.6120 94.3403 
108 8108 84536 10.4262 2239567 1176266912 525.2206 16903 6.0546% 20.2592% 0 1372555 8102 0.0935 2.3535 1.0706 6.6019 3.5899 94.0118 
109 8053 84536 10.4975 2247620 1176351448 523.3765 16905 5.9993% 20.2562% 0 1372555 8102 0.0943 2.3454 1.1379 6.5973 3.6192 93.6879 
110 8054 84536 10.4962 2255674 1176435984 521.5452 16907 6.0176% 20.2532% 0 1372555 8102 0.0942 2.3374 1.1145 6.5927 3.6188 93.3663 
111 8073 84536 10.4714 2263747 1176520520 519.7227 16909 6.0360% 20.2502% 0 1372555 8102 0.0940 2.3294 1.0705 6.5878 3.6103 93.0462 
112 8369 536624 64.1204 2272116 1177057144 518.0445 16925 12.3790% 20.2365% 0 1372788 8102 0.0497 2.3210 1.0694 6.5851 5.8731 92.7251 
113 2125 21500 10.1176 2274241 1177078644 517.5699 16945 1.5625% 20.2293% 0 1372788 8102 0.0960 2.3189 1.6063 6.5843 6.0717 92.6442 
114 29666 559580 18.8627 2303907 1177638224 511.1483 16947 16.2618% 20.2263% 0 1372788 8102 0.0977 2.2903 1.2074 6.5682 4.2030 91.5054 
115 50381 638720 12.6778 2354288 1178276944 500.4812 16948 24.9714% 20.2294% 0 1372788 8102 0.0761 2.2429 1.0000 6.5418 3.1219 89.6140 
116 385 17408 45.2156 2354673 1178294352 500.4068 17492 10.2309% 20.2257% 0 1372788 8102 4.2390 2.2432 10.2000 6.5425 162.7761 89.6259 
117 14172 38802432 2737.9644 2368845 1217096784 513.7933 18580 39.3446% 20.4570% 0 1375285 8102 6.8710 2.2709 10.4056 6.5868 263.8469 90.6683 
118 49122 11896320 242.1791 2417967 1228993104 508.2754 18600 24.8412% 20.4827% 0 1375978 8102 1.3641 2.2525 6.9428 6.5909 53.4232 89.9116 
119 3290 4136960 1257.4347 2421257 1233130064 509.2934 18920 22.4354% 20.4888% 0 1376471 8102 14.0547 2.2685 18.5852 6.6269 539.7009 90.5228 
120 3306 7672320 2320.7261 2424563 1240802384 511.7633 19080 15.4745% 20.4728% 0 1376471 8102 8.7114 2.2773 14.9146 6.6462 334.5191 90.8555 
121 1659 1075000 647.9807 2426222 1241877384 511.8564 20080 18.0178% 20.4694% 0 1376471 8102 4.9403 2.2791 7.8132 6.6477 203.3186 90.9324 
122 30163 8977800 297.6428 2456385 1250855184 509.2260 20180 10.2268% 20.1795% 0 1394439 8102 1.4420 2.2689 5.9161 6.6413 71.8719 90.6983 
123 4658 3291136 706.5556 2461043 1254146320 509.5995 20212 8.7081% 20.1620% 0 1394439 8102 3.7097 2.2716 12.1519 6.6506 142.4543 90.7963 
124 326 4608 14.1350 2461369 1254150928 509.5339 20356 2.7938% 20.1568% 0 1394439 8102 1.3252 2.2715 3.6610 6.6502 50.8859 90.7910 
125 26545 37269504 1404.0122 2487914 1291420432 519.0776 20932 22.2508% 20.2075% 0 1402513 8102 5.7587 2.3087 12.2517 6.7321 230.8542 92.2854 
126 23380 8384000 358.5971 2511294 1299804432 517.5836 20982 12.4929% 20.1016% 0 1415234 8102 1.5954 2.3020 7.6955 6.7375 71.6099 92.0929 
127 2587 2074400 801.8554 2513881 1301878832 517.8760 21182 14.4891% 20.0906% 0 1415978 8102 6.2621 2.3061 9.7239 6.7433 240.4639 92.2456 
128 2325 2234880 961.2387 2516206 1304113712 518.2857 21214 10.6773% 20.0825% 0 1415978 8102 3.4443 2.3072 12.0967 6.7474 132.6575 92.2830 
129 27197 5907568 217.2140 2543403 1310021280 515.0663 21277 6.2482% 19.8149% 0 1415978 8102 2.0816 2.3047 2.4400 6.6343 79.9331 92.1509 
130 13084 5907568 451.5109 2556487 1315928848 514.7411 21340 6.2282% 19.6898% 0 1415978 8102 4.3316 2.3151 4.7174 6.6086 166.3345 92.5306 
131 13041 5907568 452.9996 2569528 1321836416 514.4277 21403 6.2462% 19.5675% 0 1415978 8102 4.3412 2.3254 4.7209 6.5837 166.7003 92.9070 
132 13051 5907568 452.6525 2582579 1327743984 514.1155 21466 6.2340% 19.4468% 0 1415978 8102 4.3426 2.3356 4.7981 6.5607 166.7550 93.2802 
133 13143 5907568 449.4840 2595722 1333651552 513.7883 21529 6.2461% 19.3280% 0 1415978 8102 4.3075 2.3456 4.6795 6.5363 165.4066 93.6454 
134 13269 5907568 445.2158 2608991 1339559120 513.4396 21592 6.2327% 19.2102% 0 1415978 8102 4.2712 2.3554 4.6944 6.5127 164.0154 94.0033 
135 13008 5907568 454.1488 2621999 1345466688 513.1454 21655 6.2462% 19.0968% 0 1415978 8102 4.3522 2.3653 4.8079 6.4917 167.1232 94.3660 
136 13008 5907568 454.1488 2635007 1351374256 512.8541 21718 6.2306% 18.9861% 0 1415978 8102 4.3569 2.3751 4.7359 6.4700 167.3063 94.7261 
137 13061 5907568 452.3059 2648068 1357281824 512.5555 21781 6.2463% 18.8764% 0 1415978 8102 4.3345 2.3848 4.6990 6.4482 166.4451 95.0798 
138 12983 5907568 455.0233 2661051 1363189392 512.2748 21844 6.2303% 18.7691% 0 1415978 8102 4.3653 2.3944 4.7123 6.4271 167.6284 95.4338 
139 13076 5907568 451.7871 2674127 1369096960 511.9790 21907 6.2463% 18.6627% 0 1415978 8102 4.3295 2.4039 4.6826 6.4061 166.2541 95.7801 
140 12967 5907568 455.5848 2687094 1375004528 511.7069 21970 6.2286% 18.5592% 0 1415978 8102 4.3707 2.4134 4.7435 6.3866 167.8353 96.1278 
141 13165 5907568 448.7328 2700259 1380912096 511.3999 22033 6.2463% 18.4556% 0 1415978 8102 4.3003 2.4226 4.6826 6.3665 165.1302 96.4642 
142 13063 5907568 452.2367 2713322 1386819664 511.1151 22096 6.2323% 18.3543% 0 1415978 8102 4.3386 2.4318 4.7348 6.3477 166.6019 96.8019 
143 13164 5907568 448.7669 2726486 1392727232 510.8140 22159 6.2462% 18.2544% 0 1415978 8102 4.3006 2.4408 4.6803 6.3285 165.1428 97.1319 
144 13219 5907568 446.8998 2739705 1398634800 510.5056 22222 6.2322% 18.1555% 0 1415978 8102 4.2874 2.4498 4.6493 6.3093 164.6358 97.4576 
145 4359 188160 43.1659 2744064 1398822960 509.7632 22238 6.2262% 18.1505% 0 1415978 8102 0.5029 2.4467 3.5527 6.3077 20.7901 97.3358 
146 167785 347584 2.0716 2911849 1399170544 480.5093 22254 1.6395% 17.7209% 0 1415978 8102 0.0543 2.3088 1.1485 6.2696 2.1532 91.8512 
147 17676 84536 4.7825 2929525 1399255080 477.6389 22256 6.1535% 17.7170% 0 1415978 8102 0.0429 2.2951 1.0216 6.2659 1.6467 91.3069 
148 8069 84536 10.4766 2937594 1399339616 476.3557 22258 6.0030% 17.7152% 0 1415978 8102 0.0941 2.2891 1.0921 6.2626 3.6120 91.0661 
149 8064 84536 10.4831 2945658 1399424152 475.0803 22260 6.0207% 17.7133% 0 1415978 8102 0.0941 2.2831 1.0556 6.2591 3.6143 90.8267 
150 8061 84536 10.4870 2953719 1399508688 473.8124 22262 6.0362% 17.7114% 0 1415978 8102 0.0942 2.2771 1.1016 6.2558 3.6156 90.5887 
151 8090 84536 10.4494 2961809 1399593224 472.5468 22264 6.0543% 17.7096% 0 1415978 8102 0.0937 2.2711 1.1163 6.2525 3.5979 90.3510 
152 8069 84536 10.4766 2969878 1399677760 471.2913 22266 6.0010% 17.7077% 0 1415978 8102 0.0941 2.2652 1.0705 6.2491 3.6120 90.1154 
153 8109 84536 10.4250 2977987 1399762296 470.0364 22268 6.0043% 17.7059% 0 1415978 8102 0.0936 2.2593 1.0705 6.2457 3.5942 89.8798 
154 8071 84536 10.4740 2986058 1399846832 468.7943 22270 6.0355% 17.7040% 0 1415978 8102 0.0940 2.2535 1.0952 6.2424 3.6112 89.6466 
155 8091 84536 10.4482 2994149 1399931368 467.5557 22272 6.0545% 17.7021% 0 1415978 8102 0.0937 2.2476 1.1147 6.2392 3.5975 89.4141 
156 8066 84536 10.4805 3002215 1400015904 466.3277 22274 6.0012% 17.7003% 0 1415978 8102 0.0941 2.2418 1.0705 6.2358 3.6134 89.1836 
157 8054 84536 10.4962 3010269 1400100440 465.1081 22276 6.0195% 17.6984% 0 1415978 8102 0.0942 2.2361 1.1145 6.2326 3.6188 88.9546 
158 8069 84536 10.4766 3018338 1400184976 463.8927 22278 6.0360% 17.6966% 0 1415978 8102 0.0941 2.2304 1.0736 6.2292 3.6120 88.7265 
159 8110 84536 10.4237 3026448 1400269512 462.6776 22280 6.0455% 17.6947% 0 1415978 8102 0.0935 2.2246 1.0706 6.2258 3.5891 88.4983 
160 8062 84536 10.4857 3034510 1400354048 461.4762 22282 5.9999% 17.6929% 0 1415978 8102 0.0941 2.2190 1.1162 6.2226 3.6152 88.2728 
161 8067 84536 10.4792 3042577 1400438584 460.2804 22284 6.0189% 17.6910% 0 1415978 8102 0.0941 2.2133 1.0705 6.2192 3.6129 88.0484 
162 8071 84536 10.4740 3050648 1400523120 459.0904 22286 6.0360% 17.6892% 0 1415978 8102 0.0940 2.2077 1.1311 6.2161 3.6112 87.8250 
163 8229 536624 65.2113 3058877 1401059744 458.0307 22302 12.0245% 17.6839% 0 1416164 8102 0.0374 2.2019 1.0548 6.2147 3.9571 87.5993 
164 51343 27839232 542.2206 3110220 1428898976 459.4205 22590 11.2500% 17.4354% 0 1452270 8102 1.5644 2.1914 5.0509 6.1978 78.7401 87.4531 
165 9876 27839232 2818.8772 3120096 1456738208 466.8889 22878 11.1909% 17.3934% 0 1452270 8102 7.2904 2.2075 14.3312 6.2348 279.9514 88.0624 
166 9420 6024704 639.5652 3129516 1462762912 467.4087 22897 23.8781% 17.4037% 0 1452270 8102 1.6408 2.2058 3.5288 6.2241 64.8153 87.9924 
167 43399 21664512 499.1938 3172915 1484427424 467.8434 23185 11.2503% 17.2109% 0 1479283 8102 1.9023 2.2017 5.3562 6.2123 108.7258 88.2760 
168 1598 21500 13.4543 3174513 1484448924 467.6147 23205 1.5625% 17.2064% 0 1479833 8102 0.1001 2.2006 1.1429 6.2116 8.1702 88.2357 
169 29569 560080 18.9415 3204082 1485009004 463.4741 23207 16.4348% 17.2060% 0 1479833 8102 0.0971 2.1812 1.2125 6.2011 4.1869 87.4601 
170 51428 651264 12.6636 3255510 1485660268 456.3525 23208 24.9516% 17.2097% 0 1479833 8102 0.0593 2.1477 1.0000 6.1871 2.4790 86.1176 
171 385 17408 45.2156 3255895 1485677676 456.3039 23752 10.1895% 17.2078% 0 1479833 8102 4.2390 2.1479 10.4615 6.1877 162.7761 86.1267 
172 14467 38802432 2682.1340 3270362 1524480108 466.1503 24840 39.6915% 17.4030% 0 1482806 8102 6.7309 2.1682 10.8570 6.2244 258.4667 86.8890 
173 49487 12264960 247.8421 3319849 1536745068 462.8961 24860 24.9976% 17.4699% 0 1498555 8102 1.3046 2.1553 8.5794 6.2399 54.3794 86.4044 
174 27754 563128 20.2900 3347603 1537308196 459.2265 24862 16.0635% 17.4692% 0 1498555 8102 0.1033 2.1383 1.2093 6.2295 4.4385 85.7249 
175 29018 652288 22.4787 3376621 1537960484 455.4732 24863 24.9285% 17.4712% 0 1498555 8102 0.1051 2.1208 1.0000 6.2157 4.3934 85.0259 
176 39147 51102208 1305.3927 3415768 1589062692 465.2139 25971 35.1214% 17.6594% 0 1498555 8102 4.0274 2.1427 8.1991 6.2482 157.0881 85.8518 
178 30301 1581760 52.2016 3446069 1590644452 461.5823 25973 46.7883% 17.6750% 0 1498555 8102 0.1290 2.1250 1.6954 6.2393 5.2643 85.1432 
179 8653 258560 29.8810 3454722 1590903012 460.5010 25993 22.6183% 17.6824% 0 1501287 8102 0.7338 2.1215 3.4833 6.2350 32.4401 85.0112 
180 16847 53088984 3151.2427 3471569 1643991996 473.5588 29035 54.6469% 18.0726% 0 1502173 8102 11.4797 2.1669 14.5544 6.3280 442.7362 86.7472 
181 24157 23158080 958.6489 3495726 1667150076 476.9110 29075 46.1894% 18.3056% 0 1526348 8102 3.5981 2.1768 11.0811 6.3592 143.7000 87.1408 
182 18654 563128 30.1881 3514380 1667713204 474.5398 29077 16.7120% 18.3052% 0 1526348 8102 0.1536 2.1661 1.0010 6.3464 6.6038 86.7133 
183 41293 652288 15.7966 3555673 1668365492 469.2123 29078 24.9466% 18.3075% 0 1526348 8102 0.0739 2.1418 1.0000 6.3328 3.0874 85.7421 
184 44968 51102208 1136.4127 3600641 1719467700 477.5449 30186 34.3943% 18.4916% 0 1526660 8102 3.4288 2.1578 9.0221 6.3705 134.7313 86.3539 
186 6799 4567040 671.7223 3607440 1724034740 477.9108 30506 24.8042% 18.5186% 0 1530084 8102 3.5111 2.1604 6.6831 6.3714 147.0259 86.4683 
187 15631 7983360 510.7389 3623071 1732018100 478.0525 30666 15.6123% 18.4884% 0 1538937 8102 1.1516 2.1560 3.4562 6.3591 58.9598 86.3496 
188 22432 27582960 1229.6255 3645503 1759601060 482.6772 30729 24.5252% 18.5527% 0 1538937 8102 6.3244 2.1817 10.7763 6.4059 260.1655 87.4191 
189 55488 11951360 215.3864 3700991 1771552420 478.6697 30749 24.9661% 18.6112% 0 1556748 8102 0.8723 2.1621 7.6413 6.4122 37.6471 86.6729 
190 96871 160839680 1660.3491 3797862 1932392100 508.8105 32975 38.8921% 19.5041% 0 2095867 8102 7.2054 2.2907 12.9745 6.6834 281.8413 91.6510 
192 5889 2251200 382.2720 3803751 1934643300 508.6146 33175 15.5680% 19.4900% 0 2099276 8102 1.7864 2.2899 4.5228 6.6795 82.6816 91.6371 
193 2949 2321152 787.0980 3806700 1936964452 508.8304 33207 10.6445% 19.4836% 0 2099276 8102 1.3564 2.2892 6.8966 6.6796 52.0855 91.6065 
194 28854 5535968 191.8614 3835554 1942500420 506.4459 33270 6.2491% 19.3000% 0 2101901 8102 1.0170 2.2796 1.8727 6.6226 42.5748 91.2376 
195 14635 5535968 378.2691 3850189 1948036388 505.9586 33333 6.2376% 19.2158% 0 2101901 8102 1.9632 2.2784 2.8028 6.5931 77.2618 91.1845 
196 13400 5535968 413.1319 3863589 1953572356 505.6367 33396 6.2454% 19.1344% 0 2101901 8102 2.1241 2.2779 2.8089 6.5645 81.5656 91.1512 
197 13368 5535968 414.1209 3876957 1959108324 505.3211 33459 6.2393% 19.0538% 0 2101901 8102 2.1315 2.2774 2.7678 6.5356 81.8499 91.1191 
198 13393 5535968 413.3479 3890350 1964644292 505.0045 33522 6.2457% 18.9745% 0 2101901 8102 2.1252 2.2768 2.7639 6.5071 81.6082 91.0863 
199 13373 5535968 413.9661 3903723 1970180260 504.6926 33585 6.2388% 18.8962% 0 2101901 8102 2.1307 2.2763 2.8474 6.4804 81.8193 91.0546 
200 13315 5535968 415.7693 3917038 1975716228 504.3904 33648 6.2455% 18.8188% 0 2101901 8102 2.1377 2.2759 2.8785 6.4546 82.0863 91.0241 
201 13387 5535968 413.5331 3930425 1981252196 504.0809 33711 6.2379% 18.7421% 0 2101901 8102 2.1285 2.2754 2.9201 6.4298 81.7337 90.9925 
202 13367 5535968 414.1519 3943792 1986788164 503.7761 33774 6.2450% 18.6666% 0 2101901 8102 2.1293 2.2749 2.9268 6.4055 81.7670 90.9612 
203 13367 5535968 414.1519 3957159 1992324132 503.4734 33837 6.2379% 18.5920% 0 2101901 8102 2.1317 2.2744 2.8262 6.3799 81.8560 90.9304 
204 13486 5535968 410.4974 3970645 1997860100 503.1576 33900 6.2456% 18.5178% 0 2101901 8102 2.1106 2.2738 3.2518 6.3606 81.0455 90.8969 
205 13363 5535968 414.2758 3984008 2003396068 502.8595 33963 6.2379% 18.4449% 0 2101901 8102 2.1323 2.2734 2.7815 6.3349 81.8805 90.8666 
206 13428 5535968 412.2705 3997436 2008932036 502.5552 34026 6.2454% 18.3726% 0 2101901 8102 2.1197 2.2728 2.8109 6.3102 81.3955 90.8348 
207 13345 5535968 414.8346 4010781 2014468004 502.2633 34089 6.2415% 18.3015% 0 2101901 8102 2.1352 2.2724 2.8101 6.2857 81.9910 90.8054 
208 13415 5535968 412.6700 4024196 2020003972 501.9646 34152 6.2463% 18.2311% 0 2101901 8102 2.1217 2.2719 2.7471 6.2606 81.4744 90.7743 
209 13309 5535968 415.9567 4037505 2025539940 501.6811 34215 6.2377% 18.1617% 0 2101901 8102 2.1410 2.2715 2.8451 6.2373 82.2128 90.7461 
210 3614 224064 61.9989 4041119 2025764004 501.2879 34231 6.2432% 18.1569% 0 2101901 8102 0.3597 2.2697 2.8017 6.2362 16.8730 90.6800 
211 273441 406624 1.4871 4314560 2026170628 469.6123 34232 1.6305% 18.1251% 0 2101901 8102 0.0311 2.1279 1.0000 6.2061 1.1987 85.0090 
212 16345 80736 4.9395 4330905 2026251364 467.8586 34234 6.1805% 18.1223% 0 2101901 8102 0.0235 2.1199 1.0105 6.2048 0.9021 84.6916 
213 8090 80736 9.9797 4338995 2026332100 467.0049 34236 6.0119% 18.1210% 0 2101901 8102 0.0476 2.1161 1.0158 6.2034 1.8274 84.5371 
214 7979 80736 10.1186 4346974 2026412836 466.1663 34238 6.1072% 18.1196% 0 2101901 8102 0.0481 2.1123 1.0579 6.2022 1.8481 84.3853 
215 8088 80736 9.9822 4355062 2026493572 465.3191 34240 6.0562% 18.1183% 0 2101901 8102 0.0476 2.1084 1.0606 6.2009 1.8279 84.2320 
216 8199 80736 9.8471 4363261 2026574308 464.4632 34242 6.0441% 18.1169% 0 2101901 8102 0.0468 2.1046 1.0159 6.1996 1.7985 84.0771 
217 7980 80736 10.1173 4371241 2026655044 463.6338 34244 6.1070% 18.1156% 0 2101901 8102 0.0481 2.1008 1.0521 6.1983 1.8478 83.9270 
218 8088 80736 9.9822 4379329 2026735780 462.7960 34246 6.0364% 18.1142% 0 2101901 8102 0.0476 2.0970 1.0519 6.1971 1.8279 83.7753 
219 7979 80736 10.1186 4387308 2026816516 461.9727 34248 6.1072% 18.1128% 0 2101901 8102 0.0481 2.0933 1.0726 6.1958 1.8481 83.6263 
220 8097 80736 9.9711 4395405 2026897252 461.1400 34250 6.0768% 18.1115% 0 2101901 8102 0.0474 2.0895 1.0726 6.1946 1.8211 83.4756 
221 8097 80736 9.9711 4403502 2026977988 460.3105 34252 6.0115% 18.1101% 0 2101901 8102 0.0475 2.0858 1.0577 6.1933 1.8259 83.3255 
222 7980 80736 10.1173 4411482 2027058724 459.4961 34254 6.1072% 18.1088% 0 2101901 8102 0.0481 2.0821 1.0323 6.1920 1.8478 83.1781 
223 8088 80736 9.9822 4419570 2027139460 458.6735 34256 6.0562% 18.1074% 0 2101901 8102 0.0476 2.0784 1.0606 6.1908 1.8279 83.0293 
224 8237 80736 9.8016 4427807 2027220196 457.8384 34258 6.0346% 18.1060% 0 2101901 8102 0.0466 2.0746 1.0323 6.1895 1.7902 82.8781 
225 7976 80736 10.1224 4435783 2027300932 457.0334 34260 6.1068% 18.1047% 0 2101901 8102 0.0481 2.0709 1.0579 6.1882 1.8487 82.7324 
226 8092 80736 9.9773 4443875 2027381668 456.2193 34262 6.0335% 18.1033% 0 2101901 8102 0.0476 2.0672 1.0158 6.1869 1.8270 82.5851 
227 7974 80736 10.1249 4451849 2027462404 455.4203 34264 6.1071% 18.1020% 0 2101901 8102 0.0482 2.0636 1.0521 6.1856 1.8492 82.4405 
228 8352 553648 66.2893 4460201 2028016052 454.6916 34280 12.3063% 18.0966% 0 2101901 8102 0.0498 2.0599 1.0400 6.1843 6.3264 82.2980 
229 10886 563128 51.7296 4471087 2028579180 453.7105 34282 18.9553% 18.0967% 0 2101901 8102 0.2528 2.0555 1.0000 6.1747 9.7076 82.1212 
230 51132 652288 12.7569 4522219 2029231468 448.7247 34283 24.9605% 18.0991% 0 2101901 8102 0.0596 2.0329 1.0000 6.1641 2.4933 81.2209 
231 62300 51102208 820.2601 4584519 2080333676 453.7736 35391 33.7890% 18.2542% 0 2101959 8102 2.4690 2.0388 9.5121 6.2000 96.3415 81.4264 
233 3131 4567040 1458.6522 4587650 2084900716 454.4594 35711 23.2661% 18.2624% 0 2102200 8102 7.3944 2.0425 11.0353 6.2067 283.9466 81.5646 
234 3873 7983360 2061.2859 4591523 2092884076 455.8148 35871 15.5038% 18.2565% 0 2102200 8102 4.1312 2.0442 11.0497 6.2114 158.6367 81.6296 
235 32983 27582960 836.2781 4624506 2120467036 458.5284 35934 23.9168% 18.3001% 0 2105527 8102 4.2200 2.0598 13.4728 6.2607 164.4460 82.2203 
236 55090 11951360 216.9425 4679596 2132418396 455.6843 35954 24.9112% 18.3358% 0 2105858 8102 0.8640 2.0457 6.3005 6.2609 35.6885 81.6725 
237 93483 160839872 1720.5254 4773079 2293258268 480.4568 38180 41.4324% 19.0301% 0 2564136 8102 7.4420 2.1514 13.5861 6.4982 287.9990 85.7135 
239 2392 2251200 941.1371 4775471 2295509468 480.6876 38380 15.1070% 19.0258% 0 2564661 8102 4.0970 2.1523 7.0912 6.4988 157.3244 85.7493 
240 2943 2321152 788.7027 4778414 2297830620 480.8773 38412 10.6486% 19.0207% 0 2564661 8102 1.3592 2.1519 7.1048 6.4990 52.1916 85.7287 
241 24951 5535968 221.8736 4803365 2303366588 479.5319 38475 6.2475% 18.8931% 0 2564661 8102 1.1408 2.1466 1.9327 6.4569 43.8050 85.5109 
242 13397 5535968 413.2245 4816762 2308902556 479.3475 38538 6.2399% 18.8254% 0 2564661 8102 2.1269 2.1465 2.9240 6.4354 81.6727 85.5002 
243 13408 5535968 412.8854 4830170 2314438524 479.1629 38601 6.2453% 18.7582% 0 2564661 8102 2.1228 2.1465 2.9029 6.4140 81.5169 85.4892 
244 13349 5535968 414.7103 4843519 2319974492 478.9853 38664 6.2368% 18.6919% 0 2564661 8102 2.1345 2.1464 2.7610 6.3908 81.9664 85.4795 
245 13397 5535968 413.2245 4856916 2325510460 478.8039 38727 6.2455% 18.6265% 0 2564661 8102 2.1246 2.1464 2.7793 6.3682 81.5839 85.4687 
246 13332 5535968 415.2391 4870248 2331046428 478.6299 38790 6.2416% 18.5615% 0 2564661 8102 2.1373 2.1464 2.8355 6.3467 82.0709 85.4594 
247 13359 5535968 414.3999 4883607 2336582396 478.4542 38853 6.2455% 18.4975% 0 2564661 8102 2.1306 2.1463 2.8426 6.3255 81.8159 85.4494 
248 13311 5535968 415.8942 4896918 2342118364 478.2842 38916 6.2404% 18.4341% 0 2564661 8102 2.1406 2.1463 2.8167 6.3042 82.2004 85.4406 
249 13421 5535968 412.4855 4910339 2347654332 478.1043 38979 6.2456% 18.3711% 0 2564661 8102 2.1208 2.1462 2.7621 6.2825 81.4380 85.4297 
250 13373 5535968 413.9661 4923712 2353190300 477.9301 39042 6.2375% 18.3089% 0 2564661 8102 2.1307 2.1462 2.9052 6.2628 81.8193 85.4199 
251 13383 5535968 413.6567 4937095 2358726268 477.7559 39105 6.2455% 18.2474% 0 2564661 8102 2.1268 2.1461 2.8771 6.2431 81.6692 85.4097 
252 13383 5535968 413.6567 4950478 2364262236 477.5826 39168 6.2392% 18.1862% 0 2564661 8102 2.1291 2.1461 2.8440 6.2231 81.7582 85.3998 
253 13381 5535968 413.7186 4963859 2369798204 477.4105 39231 6.2455% 18.1258% 0 2564661 8102 2.1271 2.1460 2.9705 6.2050 81.6814 85.3898 
254 13314 5535968 415.8005 4977173 2375334172 477.2456 39294 6.2402% 18.0662% 0 2564661 8102 2.1402 2.1460 2.8375 6.1854 82.1819 85.3812 
255 13393 5535968 413.3479 4990566 2380870140 477.0742 39357 6.2463% 18.0070% 0 2564661 8102 2.1252 2.1460 2.8838 6.1666 81.6082 85.3711 
256 13389 5535968 413.4713 5003955 2386406108 476.9040 39420 6.2371% 17.9484% 0 2564661 8102 2.1282 2.1459 2.9090 6.1484 81.7215 85.3613 
257 3614 224064 61.9989 5007569 2386630172 476.6046 39436 6.2432% 17.9443% 0 2564661 8102 0.3597 2.1446 2.8017 6.1475 16.8730 85.3119 
258 273086 406624 1.4890 5280655 2387036796 452.0342 39437 1.6306% 17.9174% 0 2564661 8102 0.0312 2.0353 1.0000 6.1225 1.2003 80.9621 
259 16211 80736 4.9803 5296866 2387117532 450.6660 39439 6.1799% 17.9151% 0 2564661 8102 0.0237 2.0292 1.0026 6.1214 0.9096 80.7171 
260 8094 80736 9.9748 5304960 2387198268 449.9936 39441 6.0122% 17.9140% 0 2564661 8102 0.0476 2.0262 1.0724 6.1204 1.8265 80.5967 
261 7979 80736 10.1186 5312939 2387279004 449.3330 39443 6.1072% 17.9128% 0 2564661 8102 0.0481 2.0232 1.0726 6.1194 1.8481 80.4785 
262 8096 80736 9.9723 5321035 2387359740 448.6646 39445 6.0555% 17.9117% 0 2564661 8102 0.0476 2.0202 1.0665 6.1183 1.8261 80.3588 
263 8206 80736 9.8387 5329241 2387440476 447.9888 39447 6.0435% 17.9105% 0 2564661 8102 0.0468 2.0171 1.0726 6.1173 1.7969 80.2378 
264 7976 80736 10.1224 5337217 2387521212 447.3345 39449 6.1068% 17.9094% 0 2564661 8102 0.0481 2.0142 1.0159 6.1162 1.8487 80.1207 
265 8095 80736 9.9736 5345312 2387601948 446.6721 39451 6.0335% 17.9082% 0 2564661 8102 0.0476 2.0112 1.0724 6.1152 1.8263 80.0021 
266 7976 80736 10.1224 5353288 2387682684 446.0217 39453 6.1068% 17.9071% 0 2564661 8102 0.0481 2.0083 1.0608 6.1141 1.8487 79.8857 
267 8094 80736 9.9748 5361382 2387763420 445.3634 39455 6.0794% 17.9059% 0 2564661 8102 0.0474 2.0053 1.0323 6.1130 1.8218 79.7678 
268 8094 80736 9.9748 5369476 2387844156 444.7071 39457 6.0140% 17.9048% 0 2564661 8102 0.0476 2.0024 1.0322 6.1120 1.8265 79.6503 
269 7976 80736 10.1224 5377452 2387924892 444.0625 39459 6.1072% 17.9037% 0 2564661 8102 0.0481 1.9995 1.0378 6.1109 1.8487 79.5349 
270 8092 80736 9.9773 5385544 2388005628 443.4103 39461 6.0552% 17.9025% 0 2564661 8102 0.0476 1.9966 1.0322 6.1098 1.8270 79.4182 
271 8233 80736 9.8064 5393777 2388086364 442.7484 39463 6.0343% 17.9013% 0 2564661 8102 0.0466 1.9936 1.0350 6.1088 1.7910 79.2997 
272 7976 80736 10.1224 5401753 2388167100 442.1096 39465 6.1072% 17.9002% 0 2564661 8102 0.0481 1.9907 1.0378 6.1077 1.8487 79.1853 
273 8089 80736 9.9810 5409842 2388247836 441.4635 39467 6.0356% 17.8991% 0 2564661 8102 0.0476 1.9878 1.0519 6.1066 1.8277 79.0697 
274 7976 80736 10.1224 5417818 2388328572 440.8285 39469 6.1072% 17.8979% 0 2564661 8102 0.0481 1.9849 1.0159 6.1055 1.8487 78.9560 
275 8366 553648 66.1783 5426184 2388882220 440.2509 39485 12.3029% 17.8934% 0 2564661 8102 0.0497 1.9820 1.0348 6.1044 6.3158 78.8440 
276 1848 21500 11.6342 5428032 2388903720 440.1049 39505 1.5625% 17.8904% 0 2564661 8102 0.0790 1.9813 1.2807 6.1041 5.9013 78.8192 
277 28421 560080 19.7066 5456453 2389463800 437.9152 39507 16.2811% 17.8899% 0 2564661 8102 0.1009 1.9715 1.2101 6.0975 4.3452 78.4312 
278 51523 651264 12.6403 5507976 2390115064 433.9371 39508 24.9615% 17.8921% 0 2564661 8102 0.0592 1.9536 1.0000 6.0887 2.4774 77.7208 
279 389 17408 44.7506 5508365 2390132472 433.9096 40052 10.1617% 17.8907% 0 2564661 8102 4.1954 1.9538 10.1366 6.0891 161.1023 77.7266 
280 14485 38802432 2678.8010 5522850 2428934904 439.7974 41140 39.7387% 18.0171% 0 2567857 8102 6.7225 1.9663 10.7113 6.1127 258.1456 78.1998 
281 50121 12264960 244.7070 5572971 2441199864 438.0428 41160 24.8693% 18.0378% 0 2568050 8102 1.1858 1.9593 6.3912 6.1142 46.8023 77.9175 
282 3118 4567040 1464.7338 5576089 2445766904 438.6169 41480 23.2767% 18.0452% 0 2568291 8102 7.4253 1.9623 11.7225 6.1204 285.1305 78.0333 
283 3871 7983360 2062.3508 5579960 2453750264 439.7433 41640 15.5076% 18.0406% 0 2568291 8102 4.1333 1.9638 11.0727 6.1244 158.7187 78.0893 
284 1424 1075000 754.9157 5581384 2454825264 439.8237 42640 18.1321% 18.0406% 0 2568291 8102 3.6081 1.9643 6.4386 6.1245 149.7169 78.1076 
285 30873 9012800 291.9315 5612257 2463838064 439.0102 42740 10.0525% 17.9293% 0 2587014 8102 1.3577 1.9609 5.6737 6.1227 68.1070 78.0526 
286 5265 3337216 633.8492 5617522 2467175280 439.1928 42772 8.5863% 17.9214% 0 2587014 8102 2.7350 1.9616 11.4014 6.1264 105.0256 78.0778 
287 331 4608 13.9215 5617853 2467179888 439.1677 42916 2.7863% 17.9192% 0 2587014 8102 1.3051 1.9616 3.5122 6.1262 50.1172 78.0762 
288 18077 37269504 2061.7085 5635930 2504449392 444.3719 43492 21.7296% 17.9442% 0 2587014 8102 8.3385 1.9821 10.3970 6.1603 320.9056 78.8551 
289 24004 8486400 353.5411 5659934 2512935792 443.9868 43542 12.4937% 17.9066% 0 2599915 8102 1.4227 1.9797 7.0094 6.1626 64.9492 78.7961 
290 2375 2251200 947.8737 5662309 2515186992 444.1981 43742 14.8674% 17.9035% 0 2600477 8102 4.1263 1.9806 7.2485 6.1634 158.4505 78.8295 
291 2947 2321152 787.6321 5665256 2517508144 444.3768 43774 10.6534% 17.8997% 0 2600477 8102 1.3573 1.9803 7.0299 6.1637 52.1208 78.8156 
292 25881 5535968 213.9008 5691137 2523044112 443.3286 43837 6.2479% 17.7943% 0 2600477 8102 1.0998 1.9763 1.6791 6.1223 42.2309 78.6492 
293 13402 5535968 413.0703 5704539 2528580080 443.2576 43900 6.2382% 17.7400% 0 2600477 8102 2.1261 1.9766 2.8237 6.1043 81.6423 78.6563 
294 13419 5535968 412.5470 5717958 2534116048 443.1855 43963 6.2449% 17.6864% 0 2600477 8102 2.1211 1.9770 2.8134 6.0864 81.4501 78.6628 
295 13319 5535968 415.6444 5731277 2539652016 443.1215 44026 6.2411% 17.6334% 0 2600477 8102 2.1393 1.9773 2.8067 6.0685 82.1510 78.6709 
296 13417 5535968 412.6085 5744694 2545187984 443.0502 44089 6.2442% 17.5806% 0 2600477 8102 2.1214 1.9777 2.8123 6.0510 81.4623 78.6774 
297 13386 5535968 413.5640 5758080 2550723952 442.9817 44152 6.2404% 17.5285% 0 2600477 8102 2.1286 1.9780 2.7393 6.0327 81.7398 78.6846 
298 13406 5535968 412.9471 5771486 2556259920 442.9119 44215 6.2449% 17.4769% 0 2600477 8102 2.1232 1.9784 2.7618 6.0150 81.5291 78.6912 
299 13422 5535968 412.4548 5784908 2561795888 442.8412 44278 6.2367% 17.4257% 0 2600477 8102 2.1229 1.9787 2.8913 5.9988 81.5206 78.6977 
300 13397 5535968 413.2245 5798305 2567331856 442.7728 44341 6.2449% 17.3749% 0 2600477 8102 2.1246 1.9790 2.8426 5.9824 81.5839 78.7044 
301 13414 5535968 412.7008 5811719 2572867824 442.7034 44404 6.2371% 17.3246% 0 2600477 8102 2.1242 1.9794 2.8730 5.9664 81.5692 78.7110 
302 13406 5535968 412.9471 5825125 2578403792 442.6349 44467 6.2453% 17.2748% 0 2600477 8102 2.1232 1.9797 2.8667 5.9505 81.5291 78.7175 
303 13297 5535968 416.3321 5838422 2583939760 442.5750 44530 6.2400% 17.2256% 0 2600477 8102 2.1429 1.9801 2.7467 5.9334 82.2870 78.7256 
304 13400 5535968 413.1319 5851822 2589475728 442.5076 44593 6.2443% 17.1765% 0 2600477 8102 2.1241 1.9804 2.8106 5.9173 81.5656 78.7321 
305 13329 5535968 415.3326 5865151 2595011696 442.4458 44656 6.2398% 17.1282% 0 2600477 8102 2.1377 1.9808 2.7653 5.9008 82.0894 78.7398 
306 13459 5535968 411.3209 5878610 2600547664 442.3746 44719 6.2454% 17.0802% 0 2600477 8102 2.1148 1.9811 2.7799 5.8846 81.2081 78.7454 
307 13396 5535968 413.2553 5892006 2606083632 442.3084 44782 6.2405% 17.0324% 0 2600477 8102 2.1271 1.9814 2.7870 5.8687 81.6788 78.7521 
308 3551 224064 63.0988 5895557 2606307696 442.0800 44798 6.2342% 17.0310% 0 2600477 8102 0.3424 1.9804 5.3805 5.8687 13.5389 78.7128 
309 274463 406624 1.4815 6170020 2606714320 422.4807 44799 1.6302% 17.0085% 0 2600477 8102 0.0310 1.8937 1.0000 5.8479 1.1943 75.2645 
310 16331 80736 4.9437 6186351 2606795056 421.3784 44801 6.1806% 17.0066% 0 2600477 8102 0.0235 1.8888 1.0186 5.8470 0.9029 75.0682 
311 8091 80736 9.9785 6194442 2606875792 420.8411 44803 6.0125% 17.0056% 0 2600477 8102 0.0476 1.8863 1.0158 5.8461 1.8272 74.9726 
312 7976 80736 10.1224 6202418 2606956528 420.3129 44805 6.1072% 17.0047% 0 2600477 8102 0.0481 1.8840 1.0159 5.8452 1.8487 74.8785 
313 8090 80736 9.9797 6210508 2607037264 419.7784 44807 6.0563% 17.0038% 0 2600477 8102 0.0476 1.8816 1.0158 5.8443 1.8274 74.7834 
314 8205 80736 9.8399 6218713 2607118000 419.2375 44809 6.0435% 17.0028% 0 2600477 8102 0.0468 1.8792 1.0726 5.8434 1.7971 74.6871 
315 7976 80736 10.1224 6226689 2607198736 418.7135 44811 6.1068% 17.0019% 0 2600477 8102 0.0481 1.8768 1.0608 5.8426 1.8487 74.5938 
316 8091 80736 9.9785 6234780 2607279472 418.1830 44813 6.0337% 17.0010% 0 2600477 8102 0.0476 1.8745 1.0577 5.8417 1.8272 74.4993 
317 7976 80736 10.1224 6242756 2607360208 417.6617 44815 6.1068% 17.0000% 0 2600477 8102 0.0481 1.8721 1.0579 5.8408 1.8487 74.4065 
318 8090 80736 9.9797 6250846 2607440944 417.1341 44817 6.0773% 16.9991% 0 2600477 8102 0.0475 1.8698 1.0159 5.8399 1.8227 74.3126 
319 8093 80736 9.9760 6258939 2607521680 416.6076 44819 6.0113% 16.9981% 0 2600477 8102 0.0476 1.8674 1.0158 5.8390 1.8268 74.2188 
320 7985 80736 10.1110 6266924 2607602416 416.0897 44821 6.1073% 16.9972% 0 2600477 8102 0.0481 1.8651 1.0323 5.8381 1.8467 74.1266 
321 8096 80736 9.9723 6275020 2607683152 415.5657 44823 6.0562% 16.9963% 0 2600477 8102 0.0476 1.8627 1.0784 5.8372 1.8261 74.0333 
322 8206 80736 9.8387 6283226 2607763888 415.0358 44825 6.0438% 16.9953% 0 2600477 8102 0.0468 1.8604 1.0726 5.8364 1.7969 73.9390 
323 7981 80736 10.1160 6291207 2607844624 414.5222 44827 6.1068% 16.9944% 0 2600477 8102 0.0481 1.8581 1.0726 5.8355 1.8476 73.8476 
324 8095 80736 9.9736 6299302 2607925360 414.0023 44829 6.0334% 16.9935% 0 2600477 8102 0.0476 1.8557 1.0724 5.8347 1.8263 73.7550 
325 7985 80736 10.1110 6307287 2608006096 413.4910 44831 6.1073% 16.9926% 0 2600477 8102 0.0481 1.8535 1.0323 5.8338 1.8467 73.6640 
326 8263 553648 67.0033 6315550 2608559744 413.0376 44847 10.6289% 16.9910% 0 2600477 8102 0.0165 1.8510 1.0382 5.8335 1.1897 73.5691 
